0.33 0.39 0.07 0.06 0.05 0.04 0.03 0.02 0.01
0.33 0.39 0.07 0.05 0.06 0.04 0.03 0.02 0.01
0.33 0.39 0.07 0.06 0.05 0.04 0.03 0.02 0.01
0.33 0.39 0.07 0.06 0.05 0.04 0.03 0.02 0.01
0.13 0.21 0.26 0.25 0.05 0.04 0.03 0.02 0.01
0.33 0.39 0.07 0.06 0.05 0.04 0.03 0.02 0.01
0.33 0.39 0.07 0.06 0.05 0.04 0.03 0.02 0.01
0.13 0.39 0.27 0.06 0.05 0.04 0.03 0.02 0.01
0.13 0.23 0.28 0.21 0.05 0.04 0.03 0.02 0.01
0.11 0.27 0.24 0.23 0.05 0.04 0.03 0.02 0.01
0.06 0.07 0.18 0.54 0.05 0.04 0.03 0.02 0.01
0.33 0.39 0.07 0.06 0.05 0.04 0.03 0.02 0.01
0.33 0.39 0.07 0.06 0.05 0.04 0.03 0.02 0.01
0.33 0.39 0.07 0.06 0.05 0.04 0.03 0.02 0.01
0.33 0.39 0.07 0.06 0.05 0.04 0.03 0.02 0.01
0.05 0.5 0.22 0.07 0.06 0.04 0.03 0.02 0.01
0.13 0.21 0.25 0.26 0.05 0.04 0.03 0.02 0.01
0.13 0.21 0.25 0.26 0.05 0.04 0.03 0.02 0.01
0.12 0.22 0.27 0.24 0.05 0.04 0.03 0.02 0.01
0.12 0.22 0.26 0.25 0.05 0.04 0.03 0.02 0.01
0.11 0.32 0.28 0.14 0.05 0.04 0.03 0.02 0.01
0.1 0.07 0.06 0.62 0.05 0.04 0.03 0.02 0.01
0.33 0.39 0.07 0.06 0.05 0.04 0.03 0.02 0.01
0.33 0.07 0.06 0.39 0.05 0.04 0.03 0.02 0.01
0.33 0.39 0.07 0.06 0.05 0.04 0.03 0.02 0.01
0.33 0.39 0.07 0.06 0.05 0.04 0.03 0.02 0.01
0.14 0.22 0.24 0.25 0.05 0.04 0.03 0.02 0.01
0.14 0.12 0.3 0.29 0.05 0.04 0.03 0.02 0.01
0.12 0.26 0.27 0.2 0.05 0.04 0.03 0.02 0.01
0.12 0.2 0.26 0.27 0.05 0.04 0.03 0.02 0.01
0.13 0.23 0.28 0.21 0.05 0.04 0.03 0.02 0.01
0.12 0.06 0.39 0.28 0.05 0.04 0.03 0.02 0.01
0.11 0.32 0.29 0.13 0.05 0.04 0.03 0.02 0.01
0.33 0.39 0.07 0.05 0.06 0.04 0.03 0.02 0.01
0.33 0.39 0.07 0.06 0.05 0.04 0.03 0.02 0.01
0.33 0.39 0.07 0.06 0.05 0.04 0.03 0.02 0.01
0.33 0.39 0.07 0.06 0.05 0.04 0.03 0.02 0.01
0.33 0.39 0.07 0.06 0.05 0.04 0.03 0.02 0.01
0.33 0.39 0.07 0.06 0.05 0.04 0.03 0.02 0.01
0.13 0.24 0.27 0.21 0.05 0.04 0.03 0.02 0.01
0.12 0.26 0.27 0.2 0.05 0.04 0.03 0.02 0.01
0.33 0.39 0.07 0.06 0.05 0.04 0.03 0.02 0.01
0.33 0.39 0.07 0.06 0.05 0.04 0.03 0.02 0.01
0.11 0.26 0.25 0.23 0.05 0.04 0.03 0.02 0.01
0.33 0.39 0.07 0.06 0.05 0.04 0.03 0.02 0.01
0.33 0.39 0.07 0.06 0.05 0.04 0.03 0.02 0.01
0.33 0.39 0.07 0.06 0.05 0.04 0.03 0.02 0.01
0.33 0.39 0.07 0.06 0.05 0.04 0.03 0.02 0.01
0.33 0.39 0.07 0.06 0.05 0.04 0.03 0.02 0.01
0.33 0.39 0.07 0.06 0.05 0.04 0.03 0.02 0.01
0.33 0.39 0.07 0.06 0.05 0.04 0.03 0.02 0.01
0.33 0.39 0.06 0.07 0.05 0.04 0.03 0.02 0.01
0.14 0.22 0.24 0.25 0.05 0.04 0.03 0.02 0.01
0.19 0.53 0.07 0.06 0.05 0.04 0.03 0.02 0.01
0.06 0.07 0.19 0.53 0.05 0.04 0.03 0.02 0.01
0.33 0.39 0.07 0.06 0.05 0.04 0.03 0.02 0.01
0.33 0.39 0.07 0.06 0.05 0.04 0.03 0.02 0.01
0.33 0.39 0.07 0.06 0.05 0.04 0.03 0.02 0.01
0.33 0.39 0.07 0.06 0.05 0.04 0.03 0.02 0.01
0.33 0.39 0.07 0.06 0.05 0.04 0.03 0.02 0.01
0.33 0.39 0.06 0.07 0.05 0.04 0.03 0.02 0.01
0.13 0.24 0.29 0.19 0.05 0.04 0.03 0.02 0.01
0.33 0.39 0.07 0.06 0.05 0.04 0.03 0.02 0.01
0.12 0.25 0.3 0.18 0.05 0.04 0.03 0.02 0.01
0.12 0.22 0.27 0.24 0.05 0.04 0.03 0.02 0.01
0.06 0.07 0.18 0.54 0.05 0.04 0.03 0.02 0.01
0.33 0.39 0.07 0.06 0.05 0.04 0.03 0.02 0.01
0.33 0.39 0.07 0.06 0.05 0.04 0.03 0.02 0.01
0.33 0.39 0.07 0.06 0.05 0.04 0.03 0.02 0.01
0.33 0.39 0.07 0.06 0.05 0.04 0.03 0.02 0.01
0.33 0.39 0.07 0.06 0.05 0.04 0.03 0.02 0.01
0.33 0.39 0.07 0.06 0.05 0.04 0.03 0.02 0.01
0.33 0.39 0.07 0.05 0.06 0.04 0.03 0.02 0.01
0.33 0.39 0.07 0.05 0.06 0.04 0.03 0.02 0.01
0.13 0.23 0.28 0.21 0.05 0.04 0.03 0.02 0.01
0.13 0.39 0.27 0.06 0.05 0.04 0.03 0.02 0.01
0.06 0.07 0.18 0.54 0.05 0.04 0.03 0.02 0.01
0.33 0.39 0.07 0.05 0.06 0.04 0.03 0.02 0.01
0.33 0.39 0.07 0.06 0.05 0.04 0.03 0.02 0.01
0.33 0.39 0.07 0.06 0.05 0.04 0.03 0.02 0.01
0.33 0.39 0.07 0.06 0.05 0.04 0.03 0.02 0.01
0.33 0.39 0.07 0.06 0.05 0.04 0.03 0.02 0.01
0.33 0.39 0.07 0.06 0.05 0.04 0.03 0.02 0.01
0.33 0.39 0.07 0.06 0.05 0.04 0.03 0.02 0.01
0.33 0.39 0.07 0.06 0.05 0.04 0.03 0.02 0.01
0.33 0.39 0.07 0.06 0.05 0.04 0.03 0.02 0.01
0.11 0.26 0.25 0.23 0.05 0.04 0.03 0.02 0.01
0.06 0.07 0.18 0.54 0.05 0.04 0.03 0.02 0.01
0.33 0.39 0.07 0.06 0.05 0.04 0.03 0.02 0.01
0.33 0.39 0.07 0.06 0.05 0.04 0.03 0.02 0.01
0.33 0.39 0.07 0.06 0.05 0.04 0.03 0.02 0.01
0.33 0.39 0.07 0.06 0.05 0.04 0.03 0.02 0.01
0.33 0.39 0.07 0.06 0.05 0.04 0.03 0.02 0.01
0.14 0.22 0.24 0.25 0.05 0.04 0.03 0.02 0.01
0.33 0.39 0.07 0.06 0.05 0.04 0.03 0.02 0.01
0.11 0.27 0.29 0.18 0.05 0.04 0.03 0.02 0.01
0.12 0.2 0.27 0.26 0.05 0.04 0.03 0.02 0.01
0.13 0.27 0.31 0.14 0.05 0.04 0.03 0.02 0.01
0.06 0.07 0.18 0.54 0.05 0.04 0.03 0.02 0.01
0.33 0.39 0.07 0.06 0.05 0.04 0.03 0.02 0.01
0.33 0.39 0.07 0.06 0.05 0.04 0.03 0.02 0.01
0.33 0.39 0.07 0.06 0.05 0.04 0.03 0.02 0.01
0.33 0.39 0.07 0.06 0.05 0.04 0.03 0.02 0.01
0.33 0.39 0.07 0.06 0.05 0.04 0.03 0.02 0.01
0.2 0.4 0.19 0.06 0.05 0.04 0.03 0.02 0.01
0.19 0.53 0.07 0.06 0.05 0.04 0.03 0.02 0.01
0.13 0.23 0.28 0.21 0.05 0.04 0.03 0.02 0.01
0.11 0.24 0.34 0.16 0.05 0.04 0.03 0.02 0.01
0.14 0.2 0.26 0.25 0.05 0.04 0.03 0.02 0.01
0.06 0.07 0.17 0.55 0.05 0.04 0.03 0.02 0.01
0.33 0.05 0.39 0.07 0.06 0.04 0.03 0.02 0.01
0.33 0.39 0.07 0.06 0.05 0.04 0.03 0.02 0.01
0.33 0.39 0.07 0.06 0.05 0.04 0.03 0.02 0.01
0.33 0.39 0.07 0.06 0.05 0.04 0.03 0.02 0.01
0.33 0.39 0.07 0.06 0.05 0.04 0.03 0.02 0.01
0.33 0.39 0.07 0.06 0.05 0.04 0.03 0.02 0.01
0.33 0.39 0.07 0.06 0.05 0.04 0.03 0.02 0.01
0.33 0.39 0.07 0.06 0.05 0.04 0.03 0.02 0.01
0.33 0.39 0.07 0.06 0.05 0.04 0.03 0.02 0.01
0.33 0.39 0.07 0.06 0.05 0.04 0.03 0.02 0.01
0.06 0.07 0.17 0.55 0.05 0.04 0.03 0.02 0.01
0.33 0.39 0.07 0.06 0.05 0.04 0.03 0.02 0.01
0.33 0.39 0.07 0.06 0.05 0.04 0.03 0.02 0.01
0.33 0.39 0.07 0.06 0.05 0.04 0.03 0.02 0.01
0.33 0.39 0.07 0.06 0.05 0.04 0.03 0.02 0.01
0.33 0.39 0.07 0.05 0.06 0.04 0.03 0.02 0.01
0.33 0.39 0.07 0.06 0.05 0.04 0.03 0.02 0.01
0.13 0.23 0.28 0.21 0.05 0.04 0.03 0.02 0.01
0.33 0.39 0.07 0.06 0.05 0.04 0.03 0.02 0.01
0.33 0.39 0.07 0.06 0.05 0.04 0.03 0.02 0.01
0.33 0.39 0.07 0.06 0.05 0.04 0.03 0.02 0.01
0.06 0.07 0.19 0.53 0.05 0.04 0.03 0.02 0.01
0.33 0.39 0.07 0.06 0.05 0.04 0.03 0.02 0.01
0.33 0.39 0.07 0.06 0.05 0.04 0.03 0.02 0.01
0.33 0.39 0.07 0.06 0.05 0.04 0.03 0.02 0.01
0.33 0.39 0.07 0.06 0.05 0.04 0.03 0.02 0.01
0.33 0.39 0.07 0.06 0.05 0.04 0.03 0.02 0.01
0.33 0.39 0.07 0.06 0.05 0.04 0.03 0.02 0.01
0.33 0.39 0.07 0.06 0.05 0.04 0.03 0.02 0.01
0.2 0.4 0.19 0.06 0.05 0.04 0.03 0.02 0.01
0.11 0.27 0.29 0.18 0.05 0.04 0.03 0.02 0.01
0.13 0.39 0.27 0.06 0.05 0.04 0.03 0.02 0.01
0.06 0.07 0.18 0.54 0.05 0.04 0.03 0.02 0.01
0.33 0.07 0.06 0.39 0.05 0.04 0.03 0.02 0.01
0.33 0.39 0.07 0.06 0.05 0.04 0.03 0.02 0.01
0.33 0.39 0.07 0.06 0.05 0.04 0.03 0.02 0.01
0.33 0.07 0.06 0.39 0.05 0.04 0.03 0.02 0.01
0.33 0.39 0.07 0.06 0.05 0.04 0.03 0.02 0.01
0.33 0.39 0.06 0.07 0.05 0.04 0.03 0.02 0.01
0.33 0.39 0.07 0.06 0.05 0.04 0.03 0.02 0.01
0.33 0.39 0.06 0.07 0.05 0.04 0.03 0.02 0.01
0.33 0.39 0.07 0.06 0.05 0.04 0.03 0.02 0.01
0.33 0.39 0.07 0.06 0.05 0.04 0.03 0.02 0.01
0.12 0.26 0.28 0.19 0.05 0.04 0.03 0.02 0.01
0.33 0.39 0.07 0.05 0.06 0.04 0.03 0.02 0.01
0.33 0.39 0.07 0.06 0.05 0.04 0.03 0.02 0.01
0.33 0.39 0.07 0.06 0.05 0.04 0.03 0.02 0.01
0.33 0.39 0.07 0.06 0.05 0.04 0.03 0.02 0.01
0.33 0.39 0.07 0.06 0.05 0.04 0.03 0.02 0.01
0.33 0.39 0.07 0.06 0.05 0.04 0.03 0.02 0.01
0.33 0.39 0.07 0.06 0.05 0.04 0.03 0.02 0.01
0.33 0.39 0.07 0.06 0.05 0.04 0.03 0.02 0.01
0.33 0.39 0.07 0.06 0.05 0.04 0.03 0.02 0.01
0.33 0.39 0.07 0.06 0.05 0.04 0.03 0.02 0.01
0.06 0.07 0.18 0.54 0.05 0.04 0.03 0.02 0.01
0.33 0.39 0.07 0.06 0.05 0.04 0.03 0.02 0.01
0.33 0.39 0.07 0.06 0.05 0.04 0.03 0.02 0.01
0.33 0.39 0.07 0.06 0.05 0.04 0.03 0.02 0.01
0.33 0.39 0.07 0.06 0.05 0.04 0.03 0.02 0.01
0.33 0.39 0.07 0.06 0.05 0.04 0.03 0.02 0.01
0.33 0.39 0.07 0.06 0.05 0.04 0.03 0.02 0.01
0.33 0.39 0.07 0.06 0.05 0.04 0.03 0.02 0.01
0.2 0.4 0.19 0.06 0.05 0.04 0.03 0.02 0.01
0.33 0.39 0.07 0.06 0.05 0.04 0.03 0.02 0.01
0.33 0.39 0.07 0.06 0.05 0.04 0.03 0.02 0.01
0.06 0.07 0.18 0.54 0.05 0.04 0.03 0.02 0.01
0.33 0.39 0.07 0.06 0.05 0.04 0.03 0.02 0.01
0.33 0.39 0.07 0.06 0.05 0.04 0.03 0.02 0.01
0.33 0.39 0.07 0.06 0.05 0.04 0.03 0.02 0.01
0.33 0.05 0.39 0.07 0.06 0.04 0.03 0.02 0.01
0.33 0.39 0.07 0.06 0.05 0.04 0.03 0.02 0.01
0.33 0.39 0.07 0.06 0.05 0.04 0.03 0.02 0.01
0.33 0.39 0.07 0.06 0.05 0.04 0.03 0.02 0.01
0.33 0.39 0.07 0.05 0.06 0.04 0.03 0.02 0.01
0.33 0.39 0.07 0.05 0.06 0.04 0.03 0.02 0.01
0.33 0.39 0.07 0.06 0.05 0.04 0.03 0.02 0.01
0.06 0.07 0.18 0.54 0.05 0.04 0.03 0.02 0.01
0.33 0.39 0.07 0.06 0.05 0.04 0.03 0.02 0.01
0.33 0.39 0.07 0.06 0.05 0.04 0.03 0.02 0.01
0.33 0.39 0.07 0.06 0.05 0.04 0.03 0.02 0.01
0.33 0.39 0.07 0.06 0.05 0.04 0.03 0.02 0.01
0.33 0.39 0.07 0.06 0.05 0.04 0.03 0.02 0.01
0.33 0.39 0.07 0.06 0.05 0.04 0.03 0.02 0.01
0.33 0.39 0.07 0.06 0.05 0.04 0.03 0.02 0.01
0.33 0.39 0.07 0.06 0.05 0.04 0.03 0.02 0.01
0.33 0.39 0.07 0.06 0.05 0.04 0.03 0.02 0.01
0.2 0.4 0.19 0.06 0.05 0.04 0.03 0.02 0.01
0.06 0.07 0.17 0.55 0.05 0.04 0.03 0.02 0.01
0.33 0.39 0.07 0.06 0.05 0.04 0.03 0.02 0.01
0.33 0.39 0.07 0.06 0.05 0.04 0.03 0.02 0.01
0.33 0.39 0.07 0.06 0.05 0.04 0.03 0.02 0.01
0.33 0.39 0.07 0.06 0.05 0.04 0.03 0.02 0.01
0.33 0.39 0.07 0.05 0.06 0.04 0.03 0.02 0.01
0.33 0.39 0.07 0.06 0.05 0.04 0.03 0.02 0.01
0.33 0.39 0.07 0.06 0.05 0.04 0.03 0.02 0.01
0.33 0.39 0.07 0.06 0.05 0.04 0.03 0.02 0.01
0.33 0.39 0.07 0.06 0.05 0.04 0.03 0.02 0.01
0.13 0.39 0.27 0.06 0.05 0.04 0.03 0.02 0.01
0.06 0.07 0.18 0.54 0.05 0.04 0.03 0.02 0.01
0.33 0.39 0.07 0.06 0.05 0.04 0.03 0.02 0.01
0.33 0.39 0.07 0.06 0.05 0.04 0.03 0.02 0.01
0.33 0.39 0.07 0.06 0.05 0.04 0.03 0.02 0.01
0.33 0.39 0.07 0.06 0.05 0.04 0.03 0.02 0.01
0.33 0.39 0.07 0.06 0.05 0.04 0.03 0.02 0.01
0.33 0.39 0.07 0.06 0.05 0.04 0.03 0.02 0.01
0.33 0.39 0.07 0.06 0.05 0.04 0.03 0.02 0.01
0.19 0.53 0.07 0.05 0.06 0.04 0.03 0.02 0.01
0.33 0.39 0.07 0.06 0.05 0.04 0.03 0.02 0.01
0.14 0.22 0.24 0.25 0.05 0.04 0.03 0.02 0.01
0.06 0.07 0.18 0.54 0.05 0.04 0.03 0.02 0.01
0.33 0.39 0.07 0.06 0.05 0.04 0.03 0.02 0.01
0.33 0.39 0.07 0.06 0.05 0.04 0.03 0.02 0.01
0.33 0.39 0.07 0.06 0.05 0.04 0.03 0.02 0.01
0.33 0.39 0.07 0.06 0.05 0.04 0.03 0.02 0.01
0.33 0.39 0.07 0.06 0.05 0.04 0.03 0.02 0.01
0.33 0.39 0.07 0.06 0.05 0.04 0.03 0.02 0.01
0.33 0.39 0.07 0.06 0.05 0.04 0.03 0.02 0.01
0.33 0.39 0.07 0.06 0.05 0.04 0.03 0.02 0.01
0.33 0.39 0.07 0.06 0.05 0.04 0.03 0.02 0.01
0.11 0.32 0.29 0.13 0.05 0.04 0.03 0.02 0.01
0.06 0.07 0.18 0.54 0.05 0.04 0.03 0.02 0.01
0.33 0.39 0.07 0.06 0.05 0.04 0.03 0.02 0.01
0.33 0.39 0.07 0.06 0.05 0.04 0.03 0.02 0.01
0.33 0.39 0.07 0.06 0.05 0.04 0.03 0.02 0.01
0.33 0.39 0.07 0.06 0.05 0.04 0.03 0.02 0.01
0.33 0.39 0.07 0.06 0.05 0.04 0.03 0.02 0.01
0.33 0.39 0.07 0.06 0.05 0.04 0.03 0.02 0.01
0.2 0.4 0.19 0.05 0.06 0.04 0.03 0.02 0.01
0.33 0.39 0.07 0.06 0.05 0.04 0.03 0.02 0.01
0.14 0.23 0.27 0.21 0.05 0.04 0.03 0.02 0.01
0.33 0.39 0.07 0.06 0.05 0.04 0.03 0.02 0.01
0.06 0.07 0.18 0.54 0.05 0.04 0.03 0.02 0.01
0.33 0.39 0.07 0.06 0.05 0.04 0.03 0.02 0.01
0.33 0.39 0.07 0.06 0.05 0.04 0.03 0.02 0.01
0.33 0.39 0.07 0.06 0.05 0.04 0.03 0.02 0.01
0.2 0.4 0.19 0.06 0.05 0.04 0.03 0.02 0.01
0.33 0.39 0.07 0.06 0.05 0.04 0.03 0.02 0.01
0.33 0.39 0.07 0.06 0.05 0.04 0.03 0.02 0.01
0.33 0.39 0.07 0.06 0.05 0.04 0.03 0.02 0.01
0.33 0.39 0.07 0.06 0.05 0.04 0.03 0.02 0.01
0.13 0.21 0.26 0.25 0.05 0.04 0.03 0.02 0.01
0.13 0.23 0.28 0.21 0.05 0.04 0.03 0.02 0.01
0.06 0.07 0.18 0.54 0.05 0.04 0.03 0.02 0.01
0.33 0.39 0.07 0.06 0.05 0.04 0.03 0.02 0.01
0.33 0.39 0.07 0.06 0.05 0.04 0.03 0.02 0.01
0.33 0.39 0.07 0.06 0.05 0.04 0.03 0.02 0.01
0.33 0.39 0.07 0.06 0.05 0.04 0.03 0.02 0.01
0.33 0.39 0.07 0.05 0.06 0.04 0.03 0.02 0.01
0.33 0.39 0.07 0.06 0.05 0.04 0.03 0.02 0.01
0.33 0.39 0.06 0.07 0.05 0.04 0.03 0.02 0.01
0.33 0.39 0.07 0.06 0.05 0.04 0.03 0.02 0.01
0.19 0.53 0.07 0.06 0.05 0.04 0.03 0.02 0.01
0.12 0.2 0.26 0.27 0.05 0.04 0.03 0.02 0.01
0.06 0.07 0.19 0.53 0.05 0.04 0.03 0.02 0.01
0.33 0.39 0.07 0.06 0.05 0.04 0.03 0.02 0.01
0.33 0.07 0.06 0.39 0.05 0.04 0.03 0.02 0.01
0.33 0.39 0.07 0.06 0.05 0.04 0.03 0.02 0.01
0.33 0.39 0.07 0.06 0.05 0.04 0.03 0.02 0.01
0.33 0.39 0.07 0.06 0.05 0.04 0.03 0.02 0.01
0.33 0.39 0.07 0.06 0.05 0.04 0.03 0.02 0.01
0.2 0.4 0.19 0.06 0.05 0.04 0.03 0.02 0.01
0.33 0.39 0.07 0.06 0.05 0.04 0.03 0.02 0.01
0.33 0.39 0.07 0.06 0.05 0.04 0.03 0.02 0.01
0.33 0.39 0.07 0.05 0.06 0.04 0.03 0.02 0.01
0.06 0.07 0.18 0.54 0.05 0.04 0.03 0.02 0.01
0.33 0.39 0.07 0.06 0.05 0.04 0.03 0.02 0.01
0.33 0.39 0.07 0.06 0.05 0.04 0.03 0.02 0.01
0.33 0.39 0.07 0.06 0.05 0.04 0.03 0.02 0.01
0.33 0.39 0.07 0.06 0.05 0.04 0.03 0.02 0.01
0.33 0.39 0.07 0.06 0.05 0.04 0.03 0.02 0.01
0.33 0.39 0.07 0.06 0.05 0.04 0.03 0.02 0.01
0.33 0.39 0.07 0.06 0.05 0.04 0.03 0.02 0.01
0.12 0.2 0.27 0.26 0.05 0.04 0.03 0.02 0.01
0.33 0.39 0.07 0.06 0.05 0.04 0.03 0.02 0.01
0.33 0.39 0.07 0.06 0.05 0.04 0.03 0.02 0.01
0.06 0.07 0.18 0.54 0.05 0.04 0.03 0.02 0.01
0.33 0.39 0.07 0.06 0.05 0.04 0.03 0.02 0.01
0.33 0.39 0.07 0.06 0.05 0.04 0.03 0.02 0.01
0.33 0.05 0.39 0.07 0.06 0.04 0.03 0.02 0.01
0.33 0.39 0.07 0.06 0.05 0.04 0.03 0.02 0.01
0.33 0.39 0.07 0.06 0.05 0.04 0.03 0.02 0.01
0.33 0.39 0.07 0.06 0.05 0.04 0.03 0.02 0.01
0.33 0.39 0.07 0.06 0.05 0.04 0.03 0.02 0.01
0.13 0.39 0.27 0.06 0.05 0.04 0.03 0.02 0.01
0.33 0.39 0.07 0.06 0.05 0.04 0.03 0.02 0.01
0.12 0.26 0.3 0.17 0.05 0.04 0.03 0.02 0.01
0.06 0.07 0.19 0.53 0.05 0.04 0.03 0.02 0.01
0.33 0.39 0.07 0.05 0.06 0.04 0.03 0.02 0.01
0.33 0.39 0.07 0.06 0.05 0.04 0.03 0.02 0.01
0.33 0.39 0.07 0.06 0.05 0.04 0.03 0.02 0.01
0.33 0.39 0.07 0.05 0.06 0.04 0.03 0.02 0.01
0.33 0.39 0.07 0.06 0.05 0.04 0.03 0.02 0.01
0.33 0.39 0.07 0.05 0.06 0.04 0.03 0.02 0.01
0.33 0.39 0.07 0.06 0.05 0.04 0.03 0.02 0.01
0.33 0.39 0.07 0.06 0.05 0.04 0.03 0.02 0.01
0.33 0.39 0.07 0.06 0.05 0.04 0.03 0.02 0.01
0.33 0.39 0.07 0.06 0.05 0.04 0.03 0.02 0.01
0.06 0.07 0.18 0.54 0.05 0.04 0.03 0.02 0.01
0.33 0.39 0.07 0.06 0.05 0.04 0.03 0.02 0.01
0.33 0.39 0.07 0.06 0.05 0.04 0.03 0.02 0.01
0.33 0.39 0.07 0.06 0.05 0.04 0.03 0.02 0.01
0.33 0.39 0.07 0.06 0.05 0.04 0.03 0.02 0.01
0.33 0.39 0.07 0.06 0.05 0.04 0.03 0.02 0.01
0.33 0.39 0.07 0.06 0.05 0.04 0.03 0.02 0.01
0.33 0.39 0.07 0.06 0.05 0.04 0.03 0.02 0.01
0.13 0.19 0.25 0.28 0.05 0.04 0.03 0.02 0.01
0.13 0.19 0.24 0.29 0.05 0.04 0.03 0.02 0.01
0.15 0.23 0.26 0.21 0.05 0.04 0.03 0.02 0.01
0.06 0.07 0.18 0.54 0.05 0.04 0.03 0.02 0.01
0.33 0.39 0.07 0.06 0.05 0.04 0.03 0.02 0.01
0.33 0.39 0.07 0.06 0.05 0.04 0.03 0.02 0.01
0.33 0.39 0.07 0.06 0.05 0.04 0.03 0.02 0.01
0.33 0.39 0.07 0.06 0.05 0.04 0.03 0.02 0.01
0.33 0.39 0.07 0.06 0.05 0.04 0.03 0.02 0.01
0.33 0.07 0.06 0.39 0.05 0.04 0.03 0.02 0.01
0.33 0.39 0.07 0.06 0.05 0.04 0.03 0.02 0.01
0.33 0.39 0.07 0.06 0.05 0.04 0.03 0.02 0.01
0.33 0.39 0.07 0.06 0.05 0.04 0.03 0.02 0.01
0.33 0.39 0.07 0.06 0.05 0.04 0.03 0.02 0.01
0.06 0.07 0.12 0.6 0.05 0.04 0.03 0.02 0.01
0.33 0.39 0.07 0.06 0.05 0.04 0.03 0.02 0.01
0.33 0.39 0.07 0.06 0.05 0.04 0.03 0.02 0.01
0.33 0.39 0.07 0.06 0.05 0.04 0.03 0.02 0.01
0.33 0.39 0.07 0.06 0.05 0.04 0.03 0.02 0.01
0.33 0.39 0.07 0.06 0.05 0.04 0.03 0.02 0.01
0.33 0.39 0.07 0.05 0.06 0.04 0.03 0.02 0.01
0.33 0.39 0.07 0.06 0.05 0.04 0.03 0.02 0.01
0.33 0.39 0.07 0.05 0.06 0.04 0.03 0.02 0.01
0.33 0.39 0.07 0.06 0.05 0.04 0.03 0.02 0.01
0.33 0.39 0.07 0.06 0.05 0.04 0.03 0.02 0.01
0.06 0.07 0.18 0.54 0.05 0.04 0.03 0.02 0.01
0.33 0.39 0.07 0.06 0.05 0.04 0.03 0.02 0.01
0.33 0.39 0.07 0.06 0.05 0.04 0.03 0.02 0.01
0.33 0.39 0.07 0.06 0.05 0.04 0.03 0.02 0.01
0.33 0.39 0.07 0.06 0.05 0.04 0.03 0.02 0.01
0.33 0.39 0.07 0.06 0.05 0.04 0.03 0.02 0.01
0.33 0.39 0.07 0.06 0.05 0.04 0.03 0.02 0.01
0.33 0.39 0.07 0.06 0.05 0.04 0.03 0.02 0.01
0.14 0.22 0.24 0.25 0.05 0.04 0.03 0.02 0.01
0.33 0.39 0.07 0.06 0.05 0.04 0.03 0.02 0.01
0.33 0.39 0.07 0.06 0.05 0.04 0.03 0.02 0.01
0.06 0.07 0.18 0.54 0.05 0.04 0.03 0.02 0.01
0.33 0.39 0.07 0.06 0.05 0.04 0.03 0.02 0.01
0.33 0.39 0.07 0.06 0.05 0.04 0.03 0.02 0.01
0.33 0.39 0.07 0.06 0.05 0.04 0.03 0.02 0.01
0.14 0.2 0.25 0.26 0.05 0.04 0.03 0.02 0.01
0.14 0.22 0.25 0.24 0.05 0.04 0.03 0.02 0.01
0.33 0.39 0.07 0.05 0.06 0.04 0.03 0.02 0.01
0.33 0.39 0.07 0.06 0.05 0.04 0.03 0.02 0.01
0.33 0.39 0.07 0.06 0.05 0.04 0.03 0.02 0.01
0.33 0.39 0.07 0.06 0.05 0.04 0.03 0.02 0.01
0.14 0.21 0.23 0.27 0.05 0.04 0.03 0.02 0.01
0.06 0.07 0.19 0.53 0.05 0.04 0.03 0.02 0.01
0.33 0.39 0.07 0.06 0.05 0.04 0.03 0.02 0.01
0.33 0.39 0.07 0.06 0.05 0.04 0.03 0.02 0.01
0.33 0.39 0.07 0.06 0.05 0.04 0.03 0.02 0.01
0.33 0.07 0.06 0.39 0.05 0.04 0.03 0.02 0.01
0.33 0.39 0.07 0.06 0.05 0.04 0.03 0.02 0.01
0.33 0.39 0.06 0.07 0.05 0.04 0.03 0.02 0.01
0.33 0.39 0.07 0.06 0.05 0.04 0.03 0.02 0.01
0.33 0.39 0.07 0.06 0.05 0.04 0.03 0.02 0.01
0.12 0.33 0.34 0.06 0.05 0.04 0.03 0.02 0.01
0.33 0.39 0.07 0.06 0.05 0.04 0.03 0.02 0.01
0.06 0.07 0.12 0.6 0.05 0.04 0.03 0.02 0.01
0.33 0.07 0.06 0.39 0.05 0.04 0.03 0.02 0.01
0.33 0.39 0.07 0.06 0.05 0.04 0.03 0.02 0.01
0.33 0.39 0.07 0.06 0.05 0.04 0.03 0.02 0.01
0.33 0.39 0.07 0.06 0.05 0.04 0.03 0.02 0.01
0.33 0.39 0.07 0.06 0.05 0.04 0.03 0.02 0.01
0.33 0.39 0.07 0.06 0.05 0.04 0.03 0.02 0.01
0.13 0.24 0.27 0.21 0.05 0.04 0.03 0.02 0.01
0.13 0.21 0.26 0.25 0.05 0.04 0.03 0.02 0.01
0.14 0.22 0.24 0.25 0.05 0.04 0.03 0.02 0.01
0.12 0.27 0.22 0.24 0.05 0.04 0.03 0.02 0.01
0.06 0.07 0.13 0.59 0.05 0.04 0.03 0.02 0.01
0.33 0.39 0.07 0.06 0.05 0.04 0.03 0.02 0.01
0.33 0.39 0.07 0.06 0.05 0.04 0.03 0.02 0.01
0.33 0.39 0.07 0.06 0.05 0.04 0.03 0.02 0.01
0.33 0.39 0.07 0.06 0.05 0.04 0.03 0.02 0.01
0.33 0.39 0.07 0.06 0.05 0.04 0.03 0.02 0.01
0.33 0.39 0.07 0.06 0.05 0.04 0.03 0.02 0.01
0.33 0.39 0.07 0.05 0.06 0.04 0.03 0.02 0.01
0.12 0.22 0.26 0.25 0.05 0.04 0.03 0.02 0.01
0.12 0.26 0.27 0.2 0.05 0.04 0.03 0.02 0.01
0.12 0.24 0.28 0.21 0.05 0.04 0.03 0.02 0.01
0.06 0.07 0.19 0.53 0.05 0.04 0.03 0.02 0.01
0.33 0.39 0.07 0.06 0.05 0.04 0.03 0.02 0.01
0.33 0.39 0.07 0.06 0.05 0.04 0.03 0.02 0.01
0.33 0.39 0.07 0.05 0.06 0.04 0.03 0.02 0.01
0.33 0.39 0.07 0.06 0.05 0.04 0.03 0.02 0.01
0.33 0.39 0.07 0.06 0.05 0.04 0.03 0.02 0.01
0.33 0.39 0.07 0.06 0.05 0.04 0.03 0.02 0.01
0.33 0.39 0.07 0.06 0.05 0.04 0.03 0.02 0.01
0.33 0.39 0.07 0.06 0.05 0.04 0.03 0.02 0.01
0.33 0.39 0.07 0.05 0.06 0.04 0.03 0.02 0.01
0.14 0.2 0.26 0.25 0.05 0.04 0.03 0.02 0.01
0.06 0.07 0.19 0.53 0.05 0.04 0.03 0.02 0.01
0.33 0.39 0.07 0.06 0.05 0.04 0.03 0.02 0.01
0.33 0.39 0.07 0.06 0.05 0.04 0.03 0.02 0.01
0.33 0.39 0.07 0.06 0.05 0.04 0.03 0.02 0.01
0.33 0.39 0.07 0.06 0.05 0.04 0.03 0.02 0.01
0.33 0.39 0.07 0.06 0.05 0.04 0.03 0.02 0.01
0.33 0.39 0.07 0.06 0.05 0.04 0.03 0.02 0.01
0.33 0.39 0.07 0.06 0.05 0.04 0.03 0.02 0.01
0.33 0.39 0.07 0.06 0.05 0.04 0.03 0.02 0.01
0.12 0.22 0.27 0.24 0.05 0.04 0.03 0.02 0.01
0.33 0.39 0.07 0.06 0.05 0.04 0.03 0.02 0.01
0.06 0.07 0.18 0.54 0.05 0.04 0.03 0.02 0.01
0.33 0.39 0.07 0.06 0.05 0.04 0.03 0.02 0.01
0.33 0.05 0.39 0.07 0.06 0.04 0.03 0.02 0.01
0.33 0.39 0.07 0.06 0.05 0.04 0.03 0.02 0.01
0.33 0.39 0.07 0.06 0.05 0.04 0.03 0.02 0.01
0.33 0.39 0.07 0.06 0.05 0.04 0.03 0.02 0.01
0.33 0.39 0.07 0.06 0.05 0.04 0.03 0.02 0.01
0.33 0.39 0.07 0.06 0.05 0.04 0.03 0.02 0.01
0.33 0.39 0.07 0.05 0.06 0.04 0.03 0.02 0.01
0.2 0.4 0.19 0.06 0.05 0.04 0.03 0.02 0.01
0.13 0.24 0.29 0.19 0.05 0.04 0.03 0.02 0.01
0.06 0.07 0.18 0.54 0.05 0.04 0.03 0.02 0.01
0.33 0.39 0.07 0.06 0.05 0.04 0.03 0.02 0.01
0.33 0.39 0.07 0.05 0.06 0.04 0.03 0.02 0.01
0.33 0.39 0.07 0.06 0.05 0.04 0.03 0.02 0.01
0.33 0.39 0.07 0.06 0.05 0.04 0.03 0.02 0.01
0.33 0.39 0.07 0.06 0.05 0.04 0.03 0.02 0.01
0.33 0.39 0.07 0.06 0.05 0.04 0.03 0.02 0.01
0.33 0.39 0.07 0.06 0.05 0.04 0.03 0.02 0.01
0.33 0.05 0.39 0.07 0.06 0.04 0.03 0.02 0.01
0.33 0.39 0.07 0.06 0.05 0.04 0.03 0.02 0.01
0.13 0.39 0.27 0.05 0.06 0.04 0.03 0.02 0.01
0.06 0.07 0.19 0.53 0.05 0.04 0.03 0.02 0.01
0.33 0.39 0.07 0.06 0.05 0.04 0.03 0.02 0.01
0.33 0.39 0.07 0.05 0.06 0.04 0.03 0.02 0.01
0.33 0.39 0.07 0.06 0.05 0.04 0.03 0.02 0.01
0.33 0.39 0.07 0.06 0.05 0.04 0.03 0.02 0.01
0.33 0.39 0.07 0.06 0.05 0.04 0.03 0.02 0.01
0.33 0.39 0.07 0.06 0.05 0.04 0.03 0.02 0.01
0.33 0.39 0.07 0.06 0.05 0.04 0.03 0.02 0.01
0.33 0.39 0.07 0.06 0.05 0.04 0.03 0.02 0.01
0.33 0.39 0.07 0.06 0.05 0.04 0.03 0.02 0.01
0.13 0.25 0.3 0.17 0.05 0.04 0.03 0.02 0.01
0.06 0.07 0.19 0.53 0.05 0.04 0.03 0.02 0.01
0.33 0.07 0.06 0.39 0.05 0.04 0.03 0.02 0.01
0.33 0.39 0.07 0.06 0.05 0.04 0.03 0.02 0.01
0.33 0.39 0.07 0.06 0.05 0.04 0.03 0.02 0.01
0.33 0.39 0.07 0.06 0.05 0.04 0.03 0.02 0.01
0.33 0.39 0.07 0.06 0.05 0.04 0.03 0.02 0.01
0.33 0.39 0.06 0.07 0.05 0.04 0.03 0.02 0.01
0.33 0.39 0.07 0.06 0.05 0.04 0.03 0.02 0.01
0.33 0.39 0.07 0.06 0.05 0.04 0.03 0.02 0.01
0.33 0.39 0.07 0.06 0.05 0.04 0.03 0.02 0.01
0.33 0.39 0.06 0.07 0.05 0.04 0.03 0.02 0.01
0.06 0.07 0.18 0.54 0.05 0.04 0.03 0.02 0.01
0.33 0.39 0.07 0.06 0.05 0.04 0.03 0.02 0.01
0.33 0.39 0.07 0.05 0.06 0.04 0.03 0.02 0.01
0.33 0.39 0.07 0.06 0.05 0.04 0.03 0.02 0.01
0.12 0.22 0.27 0.24 0.05 0.04 0.03 0.02 0.01
0.33 0.39 0.07 0.06 0.05 0.04 0.03 0.02 0.01
0.33 0.39 0.07 0.06 0.05 0.04 0.03 0.02 0.01
0.33 0.39 0.06 0.07 0.05 0.04 0.03 0.02 0.01
0.33 0.39 0.06 0.07 0.05 0.04 0.03 0.02 0.01
0.33 0.39 0.07 0.06 0.05 0.04 0.03 0.02 0.01
0.33 0.39 0.07 0.06 0.05 0.04 0.03 0.02 0.01
0.06 0.07 0.19 0.53 0.05 0.04 0.03 0.02 0.01
0.33 0.39 0.07 0.06 0.05 0.04 0.03 0.02 0.01
0.33 0.39 0.07 0.06 0.05 0.04 0.03 0.02 0.01
0.33 0.39 0.07 0.06 0.05 0.04 0.03 0.02 0.01
0.33 0.39 0.07 0.06 0.05 0.04 0.03 0.02 0.01
0.33 0.39 0.07 0.06 0.05 0.04 0.03 0.02 0.01
0.2 0.4 0.19 0.06 0.05 0.04 0.03 0.02 0.01
0.33 0.39 0.07 0.06 0.05 0.04 0.03 0.02 0.01
0.15 0.34 0.29 0.07 0.05 0.04 0.03 0.02 0.01
0.33 0.39 0.07 0.06 0.05 0.04 0.03 0.02 0.01
0.15 0.34 0.3 0.06 0.05 0.04 0.03 0.02 0.01
0.06 0.07 0.18 0.54 0.05 0.04 0.03 0.02 0.01
0.33 0.39 0.07 0.06 0.05 0.04 0.03 0.02 0.01
0.33 0.39 0.07 0.06 0.05 0.04 0.03 0.02 0.01
0.33 0.39 0.07 0.06 0.05 0.04 0.03 0.02 0.01
0.33 0.39 0.07 0.06 0.05 0.04 0.03 0.02 0.01
0.33 0.39 0.07 0.06 0.05 0.04 0.03 0.02 0.01
0.12 0.35 0.25 0.13 0.05 0.04 0.03 0.02 0.01
0.13 0.24 0.29 0.19 0.05 0.04 0.03 0.02 0.01
0.13 0.39 0.27 0.06 0.05 0.04 0.03 0.02 0.01
0.33 0.39 0.07 0.06 0.05 0.04 0.03 0.02 0.01
0.33 0.39 0.07 0.06 0.05 0.04 0.03 0.02 0.01
0.06 0.07 0.18 0.54 0.05 0.04 0.03 0.02 0.01
0.33 0.39 0.07 0.06 0.05 0.04 0.03 0.02 0.01
0.33 0.39 0.07 0.06 0.05 0.04 0.03 0.02 0.01
0.33 0.39 0.07 0.06 0.05 0.04 0.03 0.02 0.01
0.33 0.39 0.07 0.06 0.05 0.04 0.03 0.02 0.01
0.33 0.39 0.07 0.06 0.05 0.04 0.03 0.02 0.01
0.33 0.07 0.06 0.39 0.05 0.04 0.03 0.02 0.01
0.33 0.39 0.07 0.06 0.05 0.04 0.03 0.02 0.01
0.12 0.24 0.37 0.11 0.06 0.04 0.03 0.02 0.01
0.33 0.39 0.07 0.06 0.05 0.04 0.03 0.02 0.01
0.33 0.39 0.07 0.06 0.05 0.04 0.03 0.02 0.01
0.06 0.07 0.09 0.63 0.05 0.04 0.03 0.02 0.01
0.33 0.39 0.07 0.06 0.05 0.04 0.03 0.02 0.01
0.33 0.39 0.07 0.05 0.06 0.04 0.03 0.02 0.01
0.33 0.39 0.07 0.06 0.05 0.04 0.03 0.02 0.01
0.33 0.39 0.07 0.06 0.05 0.04 0.03 0.02 0.01
0.33 0.39 0.07 0.06 0.05 0.04 0.03 0.02 0.01
0.13 0.23 0.28 0.21 0.05 0.04 0.03 0.02 0.01
0.33 0.39 0.07 0.06 0.05 0.04 0.03 0.02 0.01
0.13 0.21 0.25 0.26 0.05 0.04 0.03 0.02 0.01
0.15 0.23 0.25 0.22 0.05 0.04 0.03 0.02 0.01
0.33 0.39 0.07 0.06 0.05 0.04 0.03 0.02 0.01
0.06 0.07 0.19 0.53 0.05 0.04 0.03 0.02 0.01
0.33 0.39 0.07 0.06 0.05 0.04 0.03 0.02 0.01
0.33 0.39 0.07 0.06 0.05 0.04 0.03 0.02 0.01
0.33 0.39 0.07 0.06 0.05 0.04 0.03 0.02 0.01
0.33 0.39 0.07 0.05 0.06 0.04 0.03 0.02 0.01
0.33 0.39 0.07 0.05 0.06 0.04 0.03 0.02 0.01
0.33 0.39 0.07 0.06 0.05 0.04 0.03 0.02 0.01
0.13 0.25 0.24 0.23 0.05 0.04 0.03 0.02 0.01
0.33 0.39 0.07 0.06 0.05 0.04 0.03 0.02 0.01
0.33 0.39 0.07 0.06 0.05 0.04 0.03 0.02 0.01
0.14 0.22 0.25 0.24 0.05 0.04 0.03 0.02 0.01
0.06 0.07 0.19 0.53 0.05 0.04 0.03 0.02 0.01
0.33 0.39 0.07 0.06 0.05 0.04 0.03 0.02 0.01
0.33 0.39 0.07 0.06 0.05 0.04 0.03 0.02 0.01
0.33 0.39 0.07 0.06 0.05 0.04 0.03 0.02 0.01
0.33 0.39 0.07 0.05 0.06 0.04 0.03 0.02 0.01
0.13 0.24 0.16 0.32 0.05 0.04 0.03 0.02 0.01
0.33 0.39 0.07 0.05 0.06 0.04 0.03 0.02 0.01
0.33 0.39 0.07 0.06 0.05 0.04 0.03 0.02 0.01
0.13 0.24 0.27 0.21 0.05 0.04 0.03 0.02 0.01
0.33 0.39 0.07 0.06 0.05 0.04 0.03 0.02 0.01
0.33 0.39 0.07 0.06 0.05 0.04 0.03 0.02 0.01
0.06 0.07 0.18 0.54 0.05 0.04 0.03 0.02 0.01
0.33 0.39 0.07 0.06 0.05 0.04 0.03 0.02 0.01
0.33 0.39 0.07 0.06 0.05 0.04 0.03 0.02 0.01
0.33 0.39 0.07 0.06 0.05 0.04 0.03 0.02 0.01
0.33 0.39 0.07 0.06 0.05 0.04 0.03 0.02 0.01
0.33 0.39 0.07 0.05 0.06 0.04 0.03 0.02 0.01
0.33 0.39 0.07 0.06 0.05 0.04 0.03 0.02 0.01
0.33 0.39 0.07 0.06 0.05 0.04 0.03 0.02 0.01
0.33 0.39 0.07 0.06 0.05 0.04 0.03 0.02 0.01
0.33 0.39 0.07 0.06 0.05 0.04 0.03 0.02 0.01
0.33 0.39 0.07 0.06 0.05 0.04 0.03 0.02 0.01
0.06 0.07 0.18 0.54 0.05 0.04 0.03 0.02 0.01
0.33 0.39 0.07 0.06 0.05 0.04 0.03 0.02 0.01
0.33 0.39 0.07 0.06 0.05 0.04 0.03 0.02 0.01
0.33 0.39 0.07 0.06 0.05 0.04 0.03 0.02 0.01
0.33 0.39 0.07 0.05 0.06 0.04 0.03 0.02 0.01
0.33 0.39 0.07 0.06 0.05 0.04 0.03 0.02 0.01
0.33 0.39 0.07 0.06 0.05 0.04 0.03 0.02 0.01
0.33 0.39 0.07 0.06 0.05 0.04 0.03 0.02 0.01
0.33 0.39 0.07 0.05 0.06 0.04 0.03 0.02 0.01
0.33 0.39 0.07 0.06 0.05 0.04 0.03 0.02 0.01
0.13 0.21 0.25 0.26 0.05 0.04 0.03 0.02 0.01
0.06 0.07 0.18 0.54 0.05 0.04 0.03 0.02 0.01
0.33 0.39 0.07 0.06 0.05 0.04 0.03 0.02 0.01
0.33 0.39 0.07 0.06 0.05 0.04 0.03 0.02 0.01
0.33 0.39 0.06 0.07 0.05 0.04 0.03 0.02 0.01
0.33 0.39 0.07 0.06 0.05 0.04 0.03 0.02 0.01
0.33 0.39 0.07 0.06 0.05 0.04 0.03 0.02 0.01
0.33 0.39 0.07 0.06 0.05 0.04 0.03 0.02 0.01
0.33 0.39 0.07 0.06 0.05 0.04 0.03 0.02 0.01
0.33 0.39 0.07 0.06 0.05 0.04 0.03 0.02 0.01
0.33 0.39 0.07 0.06 0.05 0.04 0.03 0.02 0.01
0.33 0.39 0.07 0.06 0.05 0.04 0.03 0.02 0.01
0.06 0.07 0.18 0.54 0.05 0.04 0.03 0.02 0.01
0.33 0.39 0.07 0.06 0.05 0.04 0.03 0.02 0.01
0.33 0.39 0.07 0.06 0.05 0.04 0.03 0.02 0.01
0.33 0.39 0.07 0.06 0.05 0.04 0.03 0.02 0.01
0.33 0.39 0.07 0.06 0.05 0.04 0.03 0.02 0.01
0.33 0.39 0.07 0.06 0.05 0.04 0.03 0.02 0.01
0.33 0.39 0.07 0.06 0.05 0.04 0.03 0.02 0.01
0.33 0.39 0.07 0.06 0.05 0.04 0.03 0.02 0.01
0.33 0.39 0.07 0.06 0.05 0.04 0.03 0.02 0.01
0.12 0.25 0.35 0.13 0.05 0.04 0.03 0.02 0.01
0.12 0.26 0.3 0.17 0.05 0.04 0.03 0.02 0.01
0.06 0.07 0.18 0.54 0.05 0.04 0.03 0.02 0.01
0.33 0.39 0.07 0.06 0.05 0.04 0.03 0.02 0.01
0.33 0.39 0.07 0.06 0.05 0.04 0.03 0.02 0.01
0.33 0.39 0.07 0.06 0.05 0.04 0.03 0.02 0.01
0.33 0.39 0.07 0.06 0.05 0.04 0.03 0.02 0.01
0.33 0.07 0.06 0.39 0.05 0.04 0.03 0.02 0.01
0.33 0.39 0.07 0.06 0.05 0.04 0.03 0.02 0.01
0.2 0.4 0.19 0.06 0.05 0.04 0.03 0.02 0.01
0.12 0.26 0.3 0.17 0.05 0.04 0.03 0.02 0.01
0.33 0.39 0.07 0.06 0.05 0.04 0.03 0.02 0.01
0.13 0.23 0.28 0.21 0.05 0.04 0.03 0.02 0.01
0.06 0.07 0.19 0.53 0.05 0.04 0.03 0.02 0.01
0.33 0.39 0.07 0.06 0.05 0.04 0.03 0.02 0.01
0.33 0.39 0.07 0.06 0.05 0.04 0.03 0.02 0.01
0.33 0.39 0.07 0.06 0.05 0.04 0.03 0.02 0.01
0.33 0.39 0.07 0.06 0.05 0.04 0.03 0.02 0.01
0.33 0.39 0.07 0.06 0.05 0.04 0.03 0.02 0.01
0.33 0.39 0.07 0.06 0.05 0.04 0.03 0.02 0.01
0.33 0.39 0.07 0.06 0.05 0.04 0.03 0.02 0.01
0.33 0.39 0.07 0.06 0.05 0.04 0.03 0.02 0.01
0.12 0.26 0.3 0.17 0.05 0.04 0.03 0.02 0.01
0.13 0.25 0.23 0.24 0.05 0.04 0.03 0.02 0.01
0.06 0.07 0.12 0.6 0.05 0.04 0.03 0.02 0.01
0.33 0.39 0.07 0.06 0.05 0.04 0.03 0.02 0.01
0.33 0.39 0.07 0.06 0.05 0.04 0.03 0.02 0.01
0.33 0.39 0.07 0.06 0.05 0.04 0.03 0.02 0.01
0.33 0.39 0.07 0.06 0.05 0.04 0.03 0.02 0.01
0.33 0.39 0.07 0.06 0.05 0.04 0.03 0.02 0.01
0.33 0.39 0.07 0.06 0.05 0.04 0.03 0.02 0.01
0.33 0.39 0.07 0.06 0.05 0.04 0.03 0.02 0.01
0.33 0.39 0.07 0.06 0.05 0.04 0.03 0.02 0.01
0.33 0.39 0.07 0.06 0.05 0.04 0.03 0.02 0.01
0.11 0.24 0.34 0.16 0.05 0.04 0.03 0.02 0.01
0.06 0.07 0.19 0.53 0.05 0.04 0.03 0.02 0.01
0.33 0.39 0.07 0.06 0.05 0.04 0.03 0.02 0.01
0.33 0.39 0.07 0.06 0.05 0.04 0.03 0.02 0.01
0.33 0.39 0.07 0.06 0.05 0.04 0.03 0.02 0.01
0.33 0.39 0.07 0.06 0.05 0.04 0.03 0.02 0.01
0.33 0.39 0.07 0.05 0.06 0.04 0.03 0.02 0.01
0.33 0.39 0.07 0.06 0.05 0.04 0.03 0.02 0.01
0.13 0.39 0.27 0.05 0.06 0.04 0.03 0.02 0.01
0.13 0.19 0.25 0.28 0.05 0.04 0.03 0.02 0.01
0.12 0.34 0.3 0.09 0.05 0.04 0.03 0.02 0.01
0.33 0.39 0.07 0.06 0.05 0.04 0.03 0.02 0.01
0.06 0.07 0.18 0.54 0.05 0.04 0.03 0.02 0.01
0.33 0.39 0.07 0.06 0.05 0.04 0.03 0.02 0.01
0.33 0.39 0.07 0.06 0.05 0.04 0.03 0.02 0.01
0.33 0.39 0.07 0.06 0.05 0.04 0.03 0.02 0.01
0.33 0.39 0.07 0.06 0.05 0.04 0.03 0.02 0.01
0.33 0.39 0.07 0.06 0.05 0.04 0.03 0.02 0.01
0.33 0.39 0.07 0.06 0.05 0.04 0.03 0.02 0.01
0.33 0.39 0.07 0.06 0.05 0.04 0.03 0.02 0.01
0.33 0.39 0.07 0.06 0.05 0.04 0.03 0.02 0.01
0.33 0.39 0.07 0.06 0.05 0.04 0.03 0.02 0.01
0.13 0.24 0.26 0.22 0.05 0.04 0.03 0.02 0.01
0.06 0.07 0.18 0.54 0.05 0.04 0.03 0.02 0.01
0.33 0.39 0.07 0.06 0.05 0.04 0.03 0.02 0.01
0.33 0.39 0.07 0.06 0.05 0.04 0.03 0.02 0.01
0.33 0.39 0.07 0.06 0.05 0.04 0.03 0.02 0.01
0.33 0.39 0.07 0.06 0.05 0.04 0.03 0.02 0.01
0.33 0.39 0.07 0.06 0.05 0.04 0.03 0.02 0.01
0.33 0.39 0.07 0.06 0.05 0.04 0.03 0.02 0.01
0.33 0.39 0.07 0.06 0.05 0.04 0.03 0.02 0.01
0.33 0.39 0.07 0.06 0.05 0.04 0.03 0.02 0.01
0.33 0.39 0.07 0.06 0.05 0.04 0.03 0.02 0.01
0.19 0.53 0.07 0.06 0.05 0.04 0.03 0.02 0.01
0.06 0.07 0.17 0.55 0.05 0.04 0.03 0.02 0.01
0.33 0.39 0.07 0.06 0.05 0.04 0.03 0.02 0.01
0.33 0.39 0.07 0.06 0.05 0.04 0.03 0.02 0.01
0.33 0.39 0.07 0.06 0.05 0.04 0.03 0.02 0.01
0.33 0.07 0.06 0.39 0.05 0.04 0.03 0.02 0.01
0.33 0.39 0.07 0.06 0.05 0.04 0.03 0.02 0.01
0.33 0.39 0.07 0.06 0.05 0.04 0.03 0.02 0.01
0.33 0.39 0.07 0.06 0.05 0.04 0.03 0.02 0.01
0.33 0.39 0.07 0.06 0.05 0.04 0.03 0.02 0.01
0.13 0.21 0.25 0.26 0.05 0.04 0.03 0.02 0.01
0.12 0.21 0.3 0.22 0.05 0.04 0.03 0.02 0.01
0.06 0.07 0.18 0.54 0.05 0.04 0.03 0.02 0.01
0.33 0.39 0.07 0.06 0.05 0.04 0.03 0.02 0.01
0.33 0.39 0.07 0.06 0.05 0.04 0.03 0.02 0.01
0.33 0.39 0.07 0.06 0.05 0.04 0.03 0.02 0.01
0.33 0.39 0.07 0.05 0.06 0.04 0.03 0.02 0.01
0.33 0.39 0.07 0.06 0.05 0.04 0.03 0.02 0.01
0.33 0.39 0.07 0.06 0.05 0.04 0.03 0.02 0.01
0.33 0.39 0.07 0.06 0.05 0.04 0.03 0.02 0.01
0.33 0.39 0.07 0.06 0.05 0.04 0.03 0.02 0.01
0.33 0.39 0.07 0.06 0.05 0.04 0.03 0.02 0.01
0.13 0.23 0.28 0.21 0.05 0.04 0.03 0.02 0.01
0.06 0.07 0.19 0.53 0.05 0.04 0.03 0.02 0.01
0.06 0.07 0.19 0.53 0.05 0.04 0.03 0.02 0.01
0.06 0.07 0.12 0.6 0.05 0.04 0.03 0.02 0.01
0.06 0.07 0.19 0.53 0.05 0.04 0.03 0.02 0.01
0.06 0.07 0.19 0.53 0.05 0.04 0.03 0.02 0.01
0.06 0.07 0.17 0.55 0.05 0.04 0.03 0.02 0.01
0.06 0.07 0.18 0.54 0.05 0.04 0.03 0.02 0.01
0.06 0.07 0.14 0.58 0.05 0.04 0.03 0.02 0.01
0.06 0.07 0.19 0.53 0.05 0.04 0.03 0.02 0.01
0.06 0.07 0.17 0.55 0.05 0.04 0.03 0.02 0.01
0.06 0.07 0.18 0.54 0.05 0.04 0.03 0.02 0.01
0.33 0.39 0.07 0.06 0.05 0.04 0.03 0.02 0.01
