0.34 0.1 0.09 0.11 0.08 0.07 0.06 0.05 0.04 0.03 0.02 0.01
0.34 0.1 0.11 0.09 0.08 0.07 0.06 0.05 0.04 0.03 0.02 0.01
0.34 0.11 0.1 0.09 0.08 0.07 0.06 0.05 0.04 0.03 0.02 0.01
0.34 0.11 0.1 0.09 0.08 0.07 0.06 0.05 0.04 0.03 0.02 0.01
0.34 0.11 0.1 0.09 0.08 0.07 0.06 0.05 0.04 0.03 0.02 0.01
0.34 0.11 0.1 0.09 0.08 0.07 0.06 0.05 0.04 0.03 0.02 0.01
0.34 0.11 0.1 0.09 0.08 0.07 0.06 0.05 0.04 0.03 0.02 0.01
0.34 0.11 0.1 0.09 0.08 0.07 0.06 0.05 0.04 0.03 0.02 0.01
0.23 0.22 0.1 0.09 0.08 0.07 0.06 0.05 0.04 0.03 0.02 0.01
0.23 0.22 0.1 0.09 0.08 0.07 0.06 0.05 0.04 0.03 0.02 0.01
0.07 0.09 0.1 0.13 0.32 0.08 0.06 0.05 0.04 0.03 0.02 0.01
0.34 0.11 0.1 0.09 0.08 0.07 0.06 0.05 0.04 0.03 0.02 0.01
0.34 0.11 0.1 0.09 0.08 0.07 0.06 0.05 0.04 0.03 0.02 0.01
0.34 0.11 0.1 0.09 0.08 0.07 0.06 0.05 0.04 0.03 0.02 0.01
0.34 0.11 0.1 0.09 0.08 0.07 0.06 0.05 0.04 0.03 0.02 0.01
0.34 0.1 0.09 0.11 0.08 0.07 0.06 0.05 0.04 0.03 0.02 0.01
0.34 0.11 0.09 0.1 0.08 0.07 0.06 0.05 0.04 0.03 0.02 0.01
0.11 0.21 0.18 0.13 0.09 0.07 0.06 0.05 0.04 0.03 0.02 0.01
0.11 0.22 0.21 0.1 0.08 0.07 0.06 0.05 0.04 0.03 0.02 0.01
0.11 0.18 0.2 0.14 0.09 0.07 0.06 0.05 0.04 0.03 0.02 0.01
0.1 0.17 0.24 0.13 0.08 0.07 0.06 0.05 0.04 0.03 0.02 0.01
0.07 0.09 0.1 0.13 0.32 0.08 0.06 0.05 0.04 0.03 0.02 0.01
0.34 0.11 0.1 0.09 0.07 0.08 0.06 0.05 0.04 0.03 0.02 0.01
0.34 0.11 0.1 0.09 0.08 0.07 0.06 0.05 0.04 0.03 0.02 0.01
0.34 0.11 0.1 0.09 0.08 0.07 0.06 0.05 0.04 0.03 0.02 0.01
0.34 0.11 0.1 0.09 0.08 0.07 0.06 0.05 0.04 0.03 0.02 0.01
0.34 0.11 0.1 0.09 0.08 0.07 0.06 0.05 0.04 0.03 0.02 0.01
0.34 0.11 0.1 0.09 0.08 0.07 0.06 0.05 0.04 0.03 0.02 0.01
0.34 0.11 0.1 0.09 0.08 0.07 0.06 0.05 0.04 0.03 0.02 0.01
0.34 0.11 0.1 0.09 0.08 0.07 0.06 0.05 0.04 0.03 0.02 0.01
0.07 0.09 0.27 0.1 0.18 0.08 0.06 0.05 0.04 0.03 0.02 0.01
0.13 0.07 0.27 0.15 0.09 0.08 0.06 0.05 0.04 0.03 0.02 0.01
0.07 0.09 0.1 0.13 0.32 0.08 0.06 0.05 0.04 0.03 0.02 0.01
0.34 0.11 0.1 0.09 0.08 0.07 0.06 0.05 0.04 0.03 0.02 0.01
0.34 0.11 0.1 0.09 0.08 0.07 0.06 0.05 0.04 0.03 0.02 0.01
0.34 0.11 0.1 0.09 0.08 0.07 0.06 0.05 0.04 0.03 0.02 0.01
0.34 0.11 0.1 0.09 0.08 0.07 0.06 0.05 0.04 0.03 0.02 0.01
0.34 0.11 0.1 0.09 0.08 0.07 0.06 0.05 0.04 0.03 0.02 0.01
0.23 0.22 0.1 0.09 0.08 0.07 0.06 0.05 0.04 0.03 0.02 0.01
0.34 0.11 0.1 0.08 0.09 0.07 0.06 0.05 0.04 0.03 0.02 0.01
0.34 0.11 0.1 0.09 0.08 0.07 0.06 0.05 0.04 0.03 0.02 0.01
0.34 0.11 0.1 0.09 0.08 0.07 0.06 0.05 0.04 0.03 0.02 0.01
0.1 0.18 0.22 0.14 0.08 0.07 0.06 0.05 0.04 0.03 0.02 0.01
0.07 0.09 0.1 0.13 0.32 0.08 0.06 0.05 0.04 0.03 0.02 0.01
0.34 0.11 0.1 0.09 0.08 0.07 0.06 0.05 0.04 0.03 0.02 0.01
0.34 0.11 0.1 0.09 0.08 0.07 0.06 0.05 0.04 0.03 0.02 0.01
0.34 0.11 0.1 0.09 0.08 0.07 0.06 0.05 0.04 0.03 0.02 0.01
0.34 0.11 0.1 0.09 0.08 0.07 0.06 0.05 0.04 0.03 0.02 0.01
0.34 0.11 0.1 0.09 0.08 0.07 0.06 0.05 0.04 0.03 0.02 0.01
0.34 0.11 0.1 0.09 0.08 0.07 0.06 0.05 0.04 0.03 0.02 0.01
0.34 0.11 0.1 0.09 0.08 0.07 0.06 0.05 0.04 0.03 0.02 0.01
0.34 0.11 0.1 0.09 0.08 0.07 0.06 0.05 0.04 0.03 0.02 0.01
0.34 0.11 0.1 0.09 0.08 0.07 0.06 0.05 0.04 0.03 0.02 0.01
0.34 0.11 0.1 0.09 0.08 0.07 0.06 0.05 0.04 0.03 0.02 0.01
0.07 0.09 0.1 0.34 0.11 0.08 0.06 0.05 0.04 0.03 0.02 0.01
0.34 0.11 0.1 0.09 0.08 0.07 0.06 0.05 0.04 0.03 0.02 0.01
0.34 0.11 0.1 0.09 0.08 0.07 0.06 0.05 0.04 0.03 0.02 0.01
0.34 0.11 0.1 0.09 0.08 0.07 0.06 0.05 0.04 0.03 0.02 0.01
0.34 0.11 0.1 0.09 0.08 0.07 0.06 0.05 0.04 0.03 0.02 0.01
0.34 0.11 0.1 0.09 0.08 0.07 0.06 0.05 0.04 0.03 0.02 0.01
0.34 0.11 0.1 0.09 0.08 0.07 0.06 0.05 0.04 0.03 0.02 0.01
0.34 0.11 0.1 0.09 0.08 0.07 0.06 0.05 0.04 0.03 0.02 0.01
0.34 0.11 0.1 0.09 0.08 0.07 0.06 0.05 0.04 0.03 0.02 0.01
0.23 0.22 0.1 0.09 0.08 0.07 0.06 0.05 0.04 0.03 0.02 0.01
0.23 0.22 0.1 0.09 0.08 0.07 0.06 0.05 0.04 0.03 0.02 0.01
0.07 0.09 0.1 0.13 0.32 0.08 0.06 0.05 0.04 0.03 0.02 0.01
0.34 0.11 0.1 0.09 0.08 0.07 0.06 0.05 0.04 0.03 0.02 0.01
0.34 0.11 0.1 0.09 0.08 0.07 0.06 0.05 0.04 0.03 0.02 0.01
0.34 0.11 0.1 0.09 0.08 0.07 0.06 0.05 0.04 0.03 0.02 0.01
0.34 0.11 0.1 0.09 0.08 0.07 0.06 0.05 0.04 0.03 0.02 0.01
0.34 0.11 0.09 0.08 0.1 0.07 0.06 0.05 0.04 0.03 0.02 0.01
0.34 0.11 0.1 0.09 0.08 0.07 0.06 0.05 0.04 0.03 0.02 0.01
0.34 0.11 0.1 0.09 0.08 0.07 0.06 0.05 0.04 0.03 0.02 0.01
0.34 0.11 0.1 0.09 0.08 0.07 0.06 0.05 0.04 0.03 0.02 0.01
0.34 0.11 0.1 0.09 0.08 0.07 0.06 0.05 0.04 0.03 0.02 0.01
0.34 0.11 0.1 0.09 0.08 0.07 0.06 0.05 0.04 0.03 0.02 0.01
0.07 0.09 0.1 0.13 0.32 0.08 0.06 0.05 0.04 0.03 0.02 0.01
0.34 0.11 0.1 0.09 0.08 0.07 0.06 0.05 0.04 0.03 0.02 0.01
0.23 0.22 0.1 0.09 0.08 0.07 0.06 0.05 0.04 0.03 0.02 0.01
0.34 0.11 0.09 0.08 0.1 0.07 0.06 0.05 0.04 0.03 0.02 0.01
0.34 0.11 0.1 0.09 0.08 0.07 0.06 0.05 0.04 0.03 0.02 0.01
0.34 0.11 0.1 0.09 0.08 0.07 0.06 0.05 0.04 0.03 0.02 0.01
0.23 0.22 0.1 0.09 0.08 0.07 0.06 0.05 0.04 0.03 0.02 0.01
0.34 0.11 0.1 0.09 0.07 0.08 0.06 0.05 0.04 0.03 0.02 0.01
0.13 0.28 0.14 0.09 0.08 0.07 0.06 0.05 0.04 0.03 0.02 0.01
0.34 0.11 0.1 0.09 0.07 0.08 0.06 0.05 0.04 0.03 0.02 0.01
0.34 0.11 0.1 0.09 0.07 0.08 0.06 0.05 0.04 0.03 0.02 0.01
0.07 0.09 0.1 0.13 0.32 0.08 0.06 0.05 0.04 0.03 0.02 0.01
0.34 0.11 0.1 0.08 0.09 0.07 0.06 0.05 0.04 0.03 0.02 0.01
0.34 0.11 0.1 0.09 0.08 0.07 0.06 0.05 0.04 0.03 0.02 0.01
0.34 0.11 0.09 0.1 0.08 0.07 0.06 0.05 0.04 0.03 0.02 0.01
0.34 0.11 0.1 0.09 0.08 0.07 0.06 0.05 0.04 0.03 0.02 0.01
0.34 0.1 0.11 0.09 0.08 0.07 0.06 0.05 0.04 0.03 0.02 0.01
0.34 0.11 0.1 0.09 0.07 0.08 0.06 0.05 0.04 0.03 0.02 0.01
0.34 0.11 0.1 0.09 0.08 0.07 0.06 0.05 0.04 0.03 0.02 0.01
0.34 0.11 0.1 0.09 0.08 0.07 0.06 0.05 0.04 0.03 0.02 0.01
0.34 0.11 0.1 0.09 0.08 0.07 0.06 0.05 0.04 0.03 0.02 0.01
0.16 0.24 0.15 0.09 0.08 0.07 0.06 0.05 0.04 0.03 0.02 0.01
0.07 0.09 0.1 0.13 0.32 0.08 0.06 0.05 0.04 0.03 0.02 0.01
0.34 0.11 0.1 0.09 0.08 0.07 0.06 0.05 0.04 0.03 0.02 0.01
0.34 0.11 0.1 0.08 0.09 0.07 0.06 0.05 0.04 0.03 0.02 0.01
0.34 0.11 0.1 0.09 0.08 0.07 0.06 0.05 0.04 0.03 0.02 0.01
0.34 0.11 0.1 0.09 0.08 0.07 0.06 0.05 0.04 0.03 0.02 0.01
0.34 0.11 0.1 0.09 0.08 0.07 0.06 0.05 0.04 0.03 0.02 0.01
0.34 0.11 0.1 0.09 0.08 0.07 0.06 0.05 0.04 0.03 0.02 0.01
0.34 0.11 0.1 0.09 0.07 0.08 0.06 0.05 0.04 0.03 0.02 0.01
0.34 0.11 0.1 0.09 0.08 0.07 0.06 0.05 0.04 0.03 0.02 0.01
0.34 0.11 0.1 0.09 0.08 0.07 0.06 0.05 0.04 0.03 0.02 0.01
0.34 0.11 0.1 0.09 0.08 0.07 0.06 0.05 0.04 0.03 0.02 0.01
0.07 0.09 0.1 0.13 0.32 0.08 0.06 0.05 0.04 0.03 0.02 0.01
0.34 0.11 0.1 0.09 0.08 0.07 0.06 0.05 0.04 0.03 0.02 0.01
0.34 0.11 0.1 0.09 0.08 0.07 0.06 0.05 0.04 0.03 0.02 0.01
0.34 0.11 0.1 0.09 0.08 0.07 0.06 0.05 0.04 0.03 0.02 0.01
0.34 0.11 0.1 0.09 0.08 0.07 0.06 0.05 0.04 0.03 0.02 0.01
0.34 0.11 0.1 0.09 0.08 0.07 0.06 0.05 0.04 0.03 0.02 0.01
0.34 0.11 0.1 0.09 0.08 0.07 0.06 0.05 0.04 0.03 0.02 0.01
0.34 0.11 0.1 0.09 0.08 0.07 0.06 0.05 0.04 0.03 0.02 0.01
0.34 0.11 0.1 0.09 0.08 0.07 0.06 0.05 0.04 0.03 0.02 0.01
0.34 0.11 0.1 0.09 0.08 0.07 0.06 0.05 0.04 0.03 0.02 0.01
0.34 0.11 0.1 0.09 0.08 0.07 0.06 0.05 0.04 0.03 0.02 0.01
0.07 0.09 0.1 0.13 0.32 0.08 0.06 0.05 0.04 0.03 0.02 0.01
0.34 0.11 0.1 0.09 0.08 0.07 0.06 0.05 0.04 0.03 0.02 0.01
0.34 0.11 0.1 0.09 0.08 0.07 0.06 0.05 0.04 0.03 0.02 0.01
0.34 0.11 0.1 0.09 0.08 0.07 0.06 0.05 0.04 0.03 0.02 0.01
0.34 0.11 0.1 0.09 0.08 0.07 0.06 0.05 0.04 0.03 0.02 0.01
0.34 0.11 0.1 0.08 0.09 0.07 0.06 0.05 0.04 0.03 0.02 0.01
0.34 0.11 0.1 0.09 0.08 0.07 0.06 0.05 0.04 0.03 0.02 0.01
0.34 0.11 0.1 0.09 0.08 0.07 0.06 0.05 0.04 0.03 0.02 0.01
0.23 0.22 0.1 0.09 0.08 0.07 0.06 0.05 0.04 0.03 0.02 0.01
0.34 0.11 0.1 0.09 0.08 0.07 0.06 0.05 0.04 0.03 0.02 0.01
0.34 0.11 0.1 0.09 0.07 0.08 0.06 0.05 0.04 0.03 0.02 0.01
0.07 0.09 0.1 0.13 0.32 0.08 0.06 0.05 0.04 0.03 0.02 0.01
0.34 0.11 0.1 0.09 0.08 0.07 0.06 0.05 0.04 0.03 0.02 0.01
0.34 0.11 0.1 0.09 0.08 0.07 0.06 0.05 0.04 0.03 0.02 0.01
0.34 0.11 0.1 0.09 0.08 0.07 0.06 0.05 0.04 0.03 0.02 0.01
0.34 0.11 0.1 0.09 0.08 0.07 0.06 0.05 0.04 0.03 0.02 0.01
0.34 0.11 0.1 0.09 0.08 0.07 0.06 0.05 0.04 0.03 0.02 0.01
0.34 0.11 0.1 0.09 0.08 0.07 0.06 0.05 0.04 0.03 0.02 0.01
0.34 0.11 0.1 0.09 0.08 0.07 0.06 0.05 0.04 0.03 0.02 0.01
0.34 0.11 0.1 0.09 0.08 0.07 0.06 0.05 0.04 0.03 0.02 0.01
0.34 0.11 0.1 0.09 0.08 0.07 0.06 0.05 0.04 0.03 0.02 0.01
0.34 0.11 0.1 0.09 0.08 0.07 0.06 0.05 0.04 0.03 0.02 0.01
0.09 0.1 0.07 0.13 0.32 0.08 0.06 0.05 0.04 0.03 0.02 0.01
0.34 0.11 0.1 0.09 0.08 0.07 0.06 0.05 0.04 0.03 0.02 0.01
0.34 0.11 0.1 0.09 0.08 0.07 0.06 0.05 0.04 0.03 0.02 0.01
0.34 0.11 0.1 0.09 0.08 0.07 0.06 0.05 0.04 0.03 0.02 0.01
0.23 0.22 0.1 0.09 0.07 0.08 0.06 0.05 0.04 0.03 0.02 0.01
0.34 0.11 0.09 0.08 0.1 0.07 0.06 0.05 0.04 0.03 0.02 0.01
0.34 0.11 0.1 0.09 0.08 0.07 0.06 0.05 0.04 0.03 0.02 0.01
0.34 0.11 0.1 0.09 0.08 0.07 0.06 0.05 0.04 0.03 0.02 0.01
0.34 0.11 0.1 0.09 0.08 0.07 0.06 0.05 0.04 0.03 0.02 0.01
0.34 0.11 0.09 0.08 0.1 0.07 0.06 0.05 0.04 0.03 0.02 0.01
0.34 0.11 0.1 0.09 0.08 0.07 0.06 0.05 0.04 0.03 0.02 0.01
0.07 0.09 0.1 0.13 0.32 0.08 0.06 0.05 0.04 0.03 0.02 0.01
0.34 0.11 0.1 0.09 0.08 0.07 0.06 0.05 0.04 0.03 0.02 0.01
0.34 0.11 0.1 0.09 0.08 0.07 0.06 0.05 0.04 0.03 0.02 0.01
0.34 0.11 0.1 0.09 0.08 0.07 0.06 0.05 0.04 0.03 0.02 0.01
0.34 0.11 0.1 0.09 0.08 0.07 0.06 0.05 0.04 0.03 0.02 0.01
0.34 0.1 0.09 0.11 0.08 0.07 0.06 0.05 0.04 0.03 0.02 0.01
0.34 0.11 0.1 0.09 0.08 0.07 0.06 0.05 0.04 0.03 0.02 0.01
0.34 0.11 0.1 0.09 0.08 0.07 0.06 0.05 0.04 0.03 0.02 0.01
0.34 0.11 0.1 0.09 0.08 0.07 0.06 0.05 0.04 0.03 0.02 0.01
0.34 0.11 0.1 0.09 0.08 0.07 0.06 0.05 0.04 0.03 0.02 0.01
0.18 0.24 0.13 0.09 0.08 0.07 0.06 0.05 0.04 0.03 0.02 0.01
0.07 0.09 0.1 0.13 0.32 0.08 0.06 0.05 0.04 0.03 0.02 0.01
0.34 0.11 0.1 0.09 0.07 0.08 0.06 0.05 0.04 0.03 0.02 0.01
0.34 0.11 0.1 0.09 0.08 0.07 0.06 0.05 0.04 0.03 0.02 0.01
0.34 0.11 0.1 0.09 0.08 0.07 0.06 0.05 0.04 0.03 0.02 0.01
0.34 0.11 0.1 0.09 0.08 0.07 0.06 0.05 0.04 0.03 0.02 0.01
0.34 0.11 0.1 0.09 0.08 0.07 0.06 0.05 0.04 0.03 0.02 0.01
0.34 0.11 0.09 0.1 0.08 0.07 0.06 0.05 0.04 0.03 0.02 0.01
0.34 0.11 0.1 0.09 0.08 0.07 0.06 0.05 0.04 0.03 0.02 0.01
0.34 0.11 0.1 0.09 0.08 0.07 0.06 0.05 0.04 0.03 0.02 0.01
0.34 0.1 0.09 0.11 0.08 0.07 0.06 0.05 0.04 0.03 0.02 0.01
0.34 0.11 0.1 0.09 0.08 0.07 0.06 0.05 0.04 0.03 0.02 0.01
0.07 0.09 0.1 0.13 0.32 0.08 0.06 0.05 0.04 0.03 0.02 0.01
0.34 0.11 0.09 0.08 0.1 0.07 0.06 0.05 0.04 0.03 0.02 0.01
0.34 0.11 0.1 0.09 0.08 0.07 0.06 0.05 0.04 0.03 0.02 0.01
0.34 0.11 0.1 0.09 0.08 0.07 0.06 0.05 0.04 0.03 0.02 0.01
0.34 0.1 0.11 0.09 0.08 0.07 0.06 0.05 0.04 0.03 0.02 0.01
0.34 0.11 0.1 0.09 0.08 0.07 0.06 0.05 0.04 0.03 0.02 0.01
0.34 0.11 0.1 0.09 0.08 0.07 0.06 0.05 0.04 0.03 0.02 0.01
0.34 0.11 0.1 0.09 0.08 0.07 0.06 0.05 0.04 0.03 0.02 0.01
0.34 0.11 0.1 0.09 0.08 0.07 0.06 0.05 0.04 0.03 0.02 0.01
0.34 0.11 0.1 0.09 0.08 0.07 0.06 0.05 0.04 0.03 0.02 0.01
0.34 0.11 0.1 0.09 0.08 0.07 0.06 0.05 0.04 0.03 0.02 0.01
0.07 0.09 0.1 0.13 0.32 0.08 0.06 0.05 0.04 0.03 0.02 0.01
0.34 0.11 0.1 0.09 0.08 0.07 0.06 0.05 0.04 0.03 0.02 0.01
0.34 0.11 0.1 0.09 0.08 0.07 0.06 0.05 0.04 0.03 0.02 0.01
0.34 0.1 0.09 0.11 0.08 0.07 0.06 0.05 0.04 0.03 0.02 0.01
0.34 0.1 0.11 0.09 0.08 0.07 0.06 0.05 0.04 0.03 0.02 0.01
0.34 0.11 0.1 0.09 0.08 0.07 0.06 0.05 0.04 0.03 0.02 0.01
0.34 0.11 0.09 0.08 0.1 0.07 0.06 0.05 0.04 0.03 0.02 0.01
0.23 0.22 0.1 0.09 0.07 0.08 0.06 0.05 0.04 0.03 0.02 0.01
0.34 0.1 0.11 0.09 0.08 0.07 0.06 0.05 0.04 0.03 0.02 0.01
0.34 0.11 0.1 0.09 0.08 0.07 0.06 0.05 0.04 0.03 0.02 0.01
0.34 0.11 0.1 0.09 0.08 0.07 0.06 0.05 0.04 0.03 0.02 0.01
0.07 0.09 0.1 0.13 0.32 0.08 0.06 0.05 0.04 0.03 0.02 0.01
0.34 0.11 0.1 0.09 0.08 0.07 0.06 0.05 0.04 0.03 0.02 0.01
0.34 0.11 0.1 0.09 0.08 0.07 0.06 0.05 0.04 0.03 0.02 0.01
0.34 0.11 0.1 0.09 0.08 0.07 0.06 0.05 0.04 0.03 0.02 0.01
0.34 0.11 0.1 0.09 0.08 0.07 0.06 0.05 0.04 0.03 0.02 0.01
0.34 0.11 0.1 0.09 0.08 0.07 0.06 0.05 0.04 0.03 0.02 0.01
0.34 0.11 0.1 0.09 0.08 0.07 0.06 0.05 0.04 0.03 0.02 0.01
0.34 0.11 0.1 0.09 0.08 0.07 0.06 0.05 0.04 0.03 0.02 0.01
0.34 0.11 0.09 0.1 0.08 0.07 0.06 0.05 0.04 0.03 0.02 0.01
0.34 0.11 0.1 0.09 0.08 0.07 0.06 0.05 0.04 0.03 0.02 0.01
0.34 0.11 0.1 0.09 0.08 0.07 0.06 0.05 0.04 0.03 0.02 0.01
0.07 0.09 0.1 0.13 0.32 0.08 0.06 0.05 0.04 0.03 0.02 0.01
0.34 0.1 0.09 0.11 0.08 0.07 0.06 0.05 0.04 0.03 0.02 0.01
0.34 0.11 0.1 0.09 0.08 0.07 0.06 0.05 0.04 0.03 0.02 0.01
0.34 0.11 0.1 0.09 0.08 0.07 0.06 0.05 0.04 0.03 0.02 0.01
0.34 0.11 0.1 0.09 0.08 0.07 0.06 0.05 0.04 0.03 0.02 0.01
0.34 0.11 0.1 0.09 0.08 0.07 0.06 0.05 0.04 0.03 0.02 0.01
0.34 0.11 0.1 0.09 0.08 0.07 0.06 0.05 0.04 0.03 0.02 0.01
0.34 0.11 0.1 0.09 0.08 0.07 0.06 0.05 0.04 0.03 0.02 0.01
0.34 0.11 0.1 0.09 0.08 0.07 0.06 0.05 0.04 0.03 0.02 0.01
0.23 0.22 0.1 0.09 0.08 0.07 0.06 0.05 0.04 0.03 0.02 0.01
0.18 0.21 0.16 0.09 0.08 0.07 0.06 0.05 0.04 0.03 0.02 0.01
0.07 0.09 0.1 0.13 0.32 0.08 0.06 0.05 0.04 0.03 0.02 0.01
0.34 0.11 0.1 0.09 0.08 0.07 0.06 0.05 0.04 0.03 0.02 0.01
0.34 0.11 0.1 0.09 0.08 0.07 0.06 0.05 0.04 0.03 0.02 0.01
0.34 0.11 0.1 0.09 0.08 0.07 0.06 0.05 0.04 0.03 0.02 0.01
0.34 0.11 0.1 0.09 0.08 0.07 0.06 0.05 0.04 0.03 0.02 0.01
0.34 0.11 0.1 0.09 0.08 0.07 0.06 0.05 0.04 0.03 0.02 0.01
0.34 0.11 0.1 0.09 0.08 0.07 0.06 0.05 0.04 0.03 0.02 0.01
0.34 0.11 0.1 0.09 0.08 0.07 0.06 0.05 0.04 0.03 0.02 0.01
0.34 0.11 0.1 0.09 0.07 0.08 0.06 0.05 0.04 0.03 0.02 0.01
0.34 0.11 0.1 0.09 0.08 0.07 0.06 0.05 0.04 0.03 0.02 0.01
0.34 0.11 0.1 0.09 0.08 0.07 0.06 0.05 0.04 0.03 0.02 0.01
0.07 0.09 0.1 0.13 0.32 0.08 0.06 0.05 0.04 0.03 0.02 0.01
0.34 0.11 0.09 0.08 0.1 0.07 0.06 0.05 0.04 0.03 0.02 0.01
0.34 0.1 0.09 0.11 0.08 0.07 0.06 0.05 0.04 0.03 0.02 0.01
0.34 0.11 0.1 0.09 0.07 0.08 0.06 0.05 0.04 0.03 0.02 0.01
0.34 0.11 0.1 0.09 0.08 0.07 0.06 0.05 0.04 0.03 0.02 0.01
0.34 0.11 0.09 0.08 0.1 0.07 0.06 0.05 0.04 0.03 0.02 0.01
0.34 0.11 0.1 0.09 0.08 0.07 0.06 0.05 0.04 0.03 0.02 0.01
0.34 0.11 0.1 0.09 0.08 0.07 0.06 0.05 0.04 0.03 0.02 0.01
0.34 0.11 0.1 0.09 0.08 0.07 0.06 0.05 0.04 0.03 0.02 0.01
0.34 0.11 0.1 0.09 0.08 0.07 0.06 0.05 0.04 0.03 0.02 0.01
0.34 0.11 0.1 0.09 0.08 0.07 0.06 0.05 0.04 0.03 0.02 0.01
0.07 0.09 0.1 0.13 0.32 0.08 0.06 0.05 0.04 0.03 0.02 0.01
0.34 0.11 0.1 0.09 0.08 0.07 0.06 0.05 0.04 0.03 0.02 0.01
0.34 0.11 0.1 0.09 0.08 0.07 0.06 0.05 0.04 0.03 0.02 0.01
0.34 0.11 0.1 0.09 0.08 0.07 0.06 0.05 0.04 0.03 0.02 0.01
0.34 0.11 0.1 0.09 0.08 0.07 0.06 0.05 0.04 0.03 0.02 0.01
0.34 0.11 0.1 0.09 0.08 0.07 0.06 0.05 0.04 0.03 0.02 0.01
0.34 0.11 0.1 0.09 0.08 0.07 0.06 0.05 0.04 0.03 0.02 0.01
0.34 0.11 0.1 0.09 0.08 0.07 0.06 0.05 0.04 0.03 0.02 0.01
0.34 0.11 0.1 0.09 0.08 0.07 0.06 0.05 0.04 0.03 0.02 0.01
0.23 0.1 0.07 0.22 0.09 0.08 0.06 0.05 0.04 0.03 0.02 0.01
0.34 0.1 0.09 0.11 0.08 0.07 0.06 0.05 0.04 0.03 0.02 0.01
0.07 0.09 0.1 0.13 0.32 0.08 0.06 0.05 0.04 0.03 0.02 0.01
0.34 0.11 0.1 0.09 0.08 0.07 0.06 0.05 0.04 0.03 0.02 0.01
0.34 0.11 0.1 0.09 0.08 0.07 0.06 0.05 0.04 0.03 0.02 0.01
0.34 0.11 0.09 0.08 0.1 0.07 0.06 0.05 0.04 0.03 0.02 0.01
0.34 0.11 0.1 0.09 0.08 0.07 0.06 0.05 0.04 0.03 0.02 0.01
0.34 0.11 0.1 0.09 0.08 0.07 0.06 0.05 0.04 0.03 0.02 0.01
0.34 0.11 0.1 0.09 0.08 0.07 0.06 0.05 0.04 0.03 0.02 0.01
0.34 0.11 0.1 0.09 0.08 0.07 0.06 0.05 0.04 0.03 0.02 0.01
0.34 0.11 0.1 0.09 0.08 0.07 0.06 0.05 0.04 0.03 0.02 0.01
0.34 0.11 0.09 0.1 0.08 0.07 0.06 0.05 0.04 0.03 0.02 0.01
0.34 0.11 0.1 0.09 0.07 0.08 0.06 0.05 0.04 0.03 0.02 0.01
0.07 0.09 0.1 0.13 0.32 0.08 0.06 0.05 0.04 0.03 0.02 0.01
0.34 0.11 0.1 0.08 0.09 0.07 0.06 0.05 0.04 0.03 0.02 0.01
0.34 0.11 0.1 0.09 0.08 0.07 0.06 0.05 0.04 0.03 0.02 0.01
0.34 0.11 0.1 0.09 0.08 0.07 0.06 0.05 0.04 0.03 0.02 0.01
0.34 0.11 0.1 0.09 0.08 0.07 0.06 0.05 0.04 0.03 0.02 0.01
0.34 0.11 0.1 0.09 0.08 0.07 0.06 0.05 0.04 0.03 0.02 0.01
0.34 0.11 0.1 0.09 0.08 0.07 0.06 0.05 0.04 0.03 0.02 0.01
0.34 0.11 0.1 0.09 0.08 0.07 0.06 0.05 0.04 0.03 0.02 0.01
0.34 0.11 0.1 0.09 0.08 0.07 0.06 0.05 0.04 0.03 0.02 0.01
0.17 0.28 0.1 0.09 0.08 0.07 0.06 0.05 0.04 0.03 0.02 0.01
0.34 0.11 0.1 0.09 0.08 0.07 0.06 0.05 0.04 0.03 0.02 0.01
0.07 0.09 0.1 0.13 0.32 0.08 0.06 0.05 0.04 0.03 0.02 0.01
0.34 0.11 0.1 0.09 0.08 0.07 0.06 0.05 0.04 0.03 0.02 0.01
0.34 0.11 0.1 0.09 0.08 0.07 0.06 0.05 0.04 0.03 0.02 0.01
0.34 0.11 0.1 0.09 0.08 0.07 0.06 0.05 0.04 0.03 0.02 0.01
0.34 0.11 0.1 0.09 0.08 0.07 0.06 0.05 0.04 0.03 0.02 0.01
0.34 0.11 0.1 0.09 0.08 0.07 0.06 0.05 0.04 0.03 0.02 0.01
0.34 0.11 0.1 0.09 0.08 0.07 0.06 0.05 0.04 0.03 0.02 0.01
0.34 0.11 0.1 0.09 0.08 0.07 0.06 0.05 0.04 0.03 0.02 0.01
0.34 0.11 0.1 0.09 0.08 0.07 0.06 0.05 0.04 0.03 0.02 0.01
0.34 0.11 0.09 0.08 0.1 0.07 0.06 0.05 0.04 0.03 0.02 0.01
0.34 0.11 0.1 0.09 0.08 0.07 0.06 0.05 0.04 0.03 0.02 0.01
0.07 0.09 0.1 0.13 0.32 0.08 0.06 0.05 0.04 0.03 0.02 0.01
0.34 0.11 0.1 0.09 0.08 0.07 0.06 0.05 0.04 0.03 0.02 0.01
0.34 0.11 0.1 0.09 0.08 0.07 0.06 0.05 0.04 0.03 0.02 0.01
0.34 0.1 0.09 0.11 0.08 0.07 0.06 0.05 0.04 0.03 0.02 0.01
0.34 0.11 0.1 0.09 0.08 0.07 0.06 0.05 0.04 0.03 0.02 0.01
0.34 0.11 0.1 0.09 0.08 0.07 0.06 0.05 0.04 0.03 0.02 0.01
0.34 0.11 0.1 0.09 0.08 0.07 0.06 0.05 0.04 0.03 0.02 0.01
0.34 0.1 0.09 0.11 0.08 0.07 0.06 0.05 0.04 0.03 0.02 0.01
0.34 0.11 0.1 0.09 0.08 0.07 0.06 0.05 0.04 0.03 0.02 0.01
0.34 0.11 0.1 0.09 0.08 0.07 0.06 0.05 0.04 0.03 0.02 0.01
0.34 0.11 0.1 0.09 0.08 0.07 0.06 0.05 0.04 0.03 0.02 0.01
0.07 0.1 0.13 0.09 0.32 0.08 0.06 0.05 0.04 0.03 0.02 0.01
0.34 0.11 0.1 0.09 0.08 0.07 0.06 0.05 0.04 0.03 0.02 0.01
0.23 0.22 0.1 0.09 0.08 0.07 0.06 0.05 0.04 0.03 0.02 0.01
0.34 0.11 0.1 0.09 0.08 0.07 0.06 0.05 0.04 0.03 0.02 0.01
0.34 0.11 0.1 0.09 0.08 0.07 0.06 0.05 0.04 0.03 0.02 0.01
0.34 0.11 0.1 0.09 0.08 0.07 0.06 0.05 0.04 0.03 0.02 0.01
0.34 0.1 0.09 0.11 0.08 0.07 0.06 0.05 0.04 0.03 0.02 0.01
0.34 0.11 0.1 0.09 0.08 0.07 0.06 0.05 0.04 0.03 0.02 0.01
0.34 0.11 0.1 0.09 0.08 0.07 0.06 0.05 0.04 0.03 0.02 0.01
0.34 0.11 0.1 0.09 0.08 0.07 0.06 0.05 0.04 0.03 0.02 0.01
0.34 0.11 0.1 0.09 0.08 0.07 0.06 0.05 0.04 0.03 0.02 0.01
0.07 0.09 0.1 0.13 0.32 0.08 0.06 0.05 0.04 0.03 0.02 0.01
0.34 0.11 0.09 0.08 0.1 0.07 0.06 0.05 0.04 0.03 0.02 0.01
0.34 0.11 0.1 0.09 0.08 0.07 0.06 0.05 0.04 0.03 0.02 0.01
0.34 0.11 0.1 0.09 0.08 0.07 0.06 0.05 0.04 0.03 0.02 0.01
0.34 0.11 0.1 0.09 0.08 0.07 0.06 0.05 0.04 0.03 0.02 0.01
0.23 0.22 0.1 0.09 0.08 0.07 0.06 0.05 0.04 0.03 0.02 0.01
0.34 0.11 0.1 0.09 0.08 0.07 0.06 0.05 0.04 0.03 0.02 0.01
0.34 0.11 0.1 0.09 0.08 0.07 0.06 0.05 0.04 0.03 0.02 0.01
0.34 0.11 0.1 0.09 0.08 0.07 0.06 0.05 0.04 0.03 0.02 0.01
0.34 0.11 0.1 0.09 0.08 0.07 0.06 0.05 0.04 0.03 0.02 0.01
0.34 0.11 0.1 0.09 0.08 0.07 0.06 0.05 0.04 0.03 0.02 0.01
0.07 0.09 0.1 0.13 0.32 0.08 0.06 0.05 0.04 0.03 0.02 0.01
0.34 0.11 0.1 0.09 0.08 0.07 0.06 0.05 0.04 0.03 0.02 0.01
0.34 0.11 0.1 0.09 0.08 0.07 0.06 0.05 0.04 0.03 0.02 0.01
0.34 0.11 0.09 0.08 0.1 0.07 0.06 0.05 0.04 0.03 0.02 0.01
0.34 0.11 0.1 0.09 0.08 0.07 0.06 0.05 0.04 0.03 0.02 0.01
0.23 0.1 0.07 0.22 0.09 0.08 0.06 0.05 0.04 0.03 0.02 0.01
0.34 0.11 0.1 0.09 0.08 0.07 0.06 0.05 0.04 0.03 0.02 0.01
0.34 0.11 0.1 0.09 0.08 0.07 0.06 0.05 0.04 0.03 0.02 0.01
0.34 0.11 0.09 0.08 0.1 0.07 0.06 0.05 0.04 0.03 0.02 0.01
0.34 0.11 0.1 0.09 0.07 0.08 0.06 0.05 0.04 0.03 0.02 0.01
0.34 0.11 0.1 0.09 0.08 0.07 0.06 0.05 0.04 0.03 0.02 0.01
0.07 0.09 0.1 0.13 0.32 0.08 0.06 0.05 0.04 0.03 0.02 0.01
0.34 0.11 0.1 0.09 0.08 0.07 0.06 0.05 0.04 0.03 0.02 0.01
0.34 0.11 0.1 0.09 0.08 0.07 0.06 0.05 0.04 0.03 0.02 0.01
0.34 0.11 0.1 0.09 0.08 0.07 0.06 0.05 0.04 0.03 0.02 0.01
0.34 0.11 0.1 0.09 0.08 0.07 0.06 0.05 0.04 0.03 0.02 0.01
0.34 0.11 0.09 0.08 0.1 0.07 0.06 0.05 0.04 0.03 0.02 0.01
0.34 0.11 0.1 0.09 0.08 0.07 0.06 0.05 0.04 0.03 0.02 0.01
0.34 0.1 0.11 0.09 0.08 0.07 0.06 0.05 0.04 0.03 0.02 0.01
0.34 0.11 0.1 0.09 0.08 0.07 0.06 0.05 0.04 0.03 0.02 0.01
0.34 0.11 0.1 0.09 0.08 0.07 0.06 0.05 0.04 0.03 0.02 0.01
0.13 0.29 0.1 0.08 0.12 0.07 0.06 0.05 0.04 0.03 0.02 0.01
0.07 0.09 0.1 0.13 0.32 0.08 0.06 0.05 0.04 0.03 0.02 0.01
0.34 0.11 0.1 0.09 0.07 0.08 0.06 0.05 0.04 0.03 0.02 0.01
0.34 0.11 0.1 0.09 0.08 0.07 0.06 0.05 0.04 0.03 0.02 0.01
0.34 0.11 0.1 0.09 0.08 0.07 0.06 0.05 0.04 0.03 0.02 0.01
0.34 0.11 0.1 0.09 0.08 0.07 0.06 0.05 0.04 0.03 0.02 0.01
0.34 0.11 0.1 0.09 0.08 0.07 0.06 0.05 0.04 0.03 0.02 0.01
0.34 0.11 0.1 0.09 0.08 0.07 0.06 0.05 0.04 0.03 0.02 0.01
0.34 0.11 0.1 0.09 0.08 0.07 0.06 0.05 0.04 0.03 0.02 0.01
0.34 0.11 0.1 0.09 0.08 0.07 0.06 0.05 0.04 0.03 0.02 0.01
0.23 0.22 0.1 0.09 0.08 0.07 0.06 0.05 0.04 0.03 0.02 0.01
0.34 0.11 0.1 0.09 0.08 0.07 0.06 0.05 0.04 0.03 0.02 0.01
0.07 0.09 0.1 0.13 0.32 0.08 0.06 0.05 0.04 0.03 0.02 0.01
0.34 0.11 0.1 0.09 0.08 0.07 0.06 0.05 0.04 0.03 0.02 0.01
0.34 0.11 0.1 0.09 0.08 0.07 0.06 0.05 0.04 0.03 0.02 0.01
0.34 0.11 0.1 0.09 0.08 0.07 0.06 0.05 0.04 0.03 0.02 0.01
0.34 0.11 0.1 0.09 0.08 0.07 0.06 0.05 0.04 0.03 0.02 0.01
0.34 0.11 0.1 0.09 0.08 0.07 0.06 0.05 0.04 0.03 0.02 0.01
0.34 0.11 0.1 0.09 0.08 0.07 0.06 0.05 0.04 0.03 0.02 0.01
0.23 0.22 0.1 0.09 0.08 0.07 0.06 0.05 0.04 0.03 0.02 0.01
0.34 0.11 0.1 0.09 0.08 0.07 0.06 0.05 0.04 0.03 0.02 0.01
0.34 0.11 0.1 0.09 0.08 0.07 0.06 0.05 0.04 0.03 0.02 0.01
0.34 0.1 0.09 0.11 0.08 0.07 0.06 0.05 0.04 0.03 0.02 0.01
0.07 0.09 0.1 0.13 0.32 0.08 0.06 0.05 0.04 0.03 0.02 0.01
0.34 0.11 0.1 0.09 0.08 0.07 0.06 0.05 0.04 0.03 0.02 0.01
0.34 0.11 0.1 0.09 0.08 0.07 0.06 0.05 0.04 0.03 0.02 0.01
0.34 0.11 0.1 0.09 0.08 0.07 0.06 0.05 0.04 0.03 0.02 0.01
0.34 0.11 0.1 0.09 0.08 0.07 0.06 0.05 0.04 0.03 0.02 0.01
0.34 0.11 0.1 0.09 0.08 0.07 0.06 0.05 0.04 0.03 0.02 0.01
0.23 0.22 0.1 0.09 0.08 0.07 0.06 0.05 0.04 0.03 0.02 0.01
0.34 0.11 0.1 0.09 0.08 0.07 0.06 0.05 0.04 0.03 0.02 0.01
0.34 0.11 0.1 0.09 0.08 0.07 0.06 0.05 0.04 0.03 0.02 0.01
0.34 0.11 0.1 0.09 0.08 0.07 0.06 0.05 0.04 0.03 0.02 0.01
0.34 0.11 0.1 0.09 0.08 0.07 0.06 0.05 0.04 0.03 0.02 0.01
0.07 0.09 0.1 0.13 0.32 0.08 0.06 0.05 0.04 0.03 0.02 0.01
0.34 0.11 0.1 0.09 0.07 0.08 0.06 0.05 0.04 0.03 0.02 0.01
0.34 0.11 0.1 0.09 0.08 0.07 0.06 0.05 0.04 0.03 0.02 0.01
0.34 0.11 0.1 0.08 0.09 0.07 0.06 0.05 0.04 0.03 0.02 0.01
0.34 0.11 0.1 0.09 0.08 0.07 0.06 0.05 0.04 0.03 0.02 0.01
0.34 0.11 0.1 0.09 0.08 0.07 0.06 0.05 0.04 0.03 0.02 0.01
0.34 0.1 0.11 0.09 0.08 0.07 0.06 0.05 0.04 0.03 0.02 0.01
0.34 0.11 0.09 0.08 0.1 0.07 0.06 0.05 0.04 0.03 0.02 0.01
0.34 0.11 0.1 0.09 0.08 0.07 0.06 0.05 0.04 0.03 0.02 0.01
0.34 0.11 0.1 0.09 0.08 0.07 0.06 0.05 0.04 0.03 0.02 0.01
0.34 0.11 0.1 0.09 0.08 0.07 0.06 0.05 0.04 0.03 0.02 0.01
0.07 0.09 0.1 0.13 0.32 0.08 0.06 0.05 0.04 0.03 0.02 0.01
0.34 0.11 0.1 0.09 0.08 0.07 0.06 0.05 0.04 0.03 0.02 0.01
0.34 0.11 0.1 0.09 0.08 0.07 0.06 0.05 0.04 0.03 0.02 0.01
0.34 0.11 0.1 0.09 0.08 0.07 0.06 0.05 0.04 0.03 0.02 0.01
0.34 0.11 0.1 0.09 0.08 0.07 0.06 0.05 0.04 0.03 0.02 0.01
0.34 0.11 0.1 0.09 0.08 0.07 0.06 0.05 0.04 0.03 0.02 0.01
0.34 0.11 0.1 0.09 0.08 0.07 0.06 0.05 0.04 0.03 0.02 0.01
0.34 0.11 0.1 0.09 0.08 0.07 0.06 0.05 0.04 0.03 0.02 0.01
0.23 0.22 0.1 0.09 0.08 0.07 0.06 0.05 0.04 0.03 0.02 0.01
0.34 0.11 0.1 0.09 0.08 0.07 0.06 0.05 0.04 0.03 0.02 0.01
0.34 0.11 0.1 0.09 0.08 0.07 0.06 0.05 0.04 0.03 0.02 0.01
0.07 0.09 0.1 0.13 0.32 0.08 0.06 0.05 0.04 0.03 0.02 0.01
0.34 0.11 0.1 0.09 0.08 0.07 0.06 0.05 0.04 0.03 0.02 0.01
0.34 0.11 0.1 0.09 0.08 0.07 0.06 0.05 0.04 0.03 0.02 0.01
0.34 0.11 0.09 0.08 0.1 0.07 0.06 0.05 0.04 0.03 0.02 0.01
0.34 0.11 0.1 0.09 0.08 0.07 0.06 0.05 0.04 0.03 0.02 0.01
0.34 0.11 0.1 0.09 0.08 0.07 0.06 0.05 0.04 0.03 0.02 0.01
0.34 0.11 0.1 0.09 0.08 0.07 0.06 0.05 0.04 0.03 0.02 0.01
0.34 0.11 0.1 0.09 0.08 0.07 0.06 0.05 0.04 0.03 0.02 0.01
0.34 0.11 0.1 0.09 0.08 0.07 0.06 0.05 0.04 0.03 0.02 0.01
0.34 0.11 0.1 0.09 0.08 0.07 0.06 0.05 0.04 0.03 0.02 0.01
0.34 0.11 0.1 0.09 0.08 0.07 0.06 0.05 0.04 0.03 0.02 0.01
0.07 0.09 0.1 0.13 0.32 0.08 0.06 0.05 0.04 0.03 0.02 0.01
0.34 0.11 0.1 0.09 0.08 0.07 0.06 0.05 0.04 0.03 0.02 0.01
0.34 0.11 0.1 0.09 0.08 0.07 0.06 0.05 0.04 0.03 0.02 0.01
0.34 0.11 0.1 0.09 0.08 0.07 0.06 0.05 0.04 0.03 0.02 0.01
0.34 0.11 0.1 0.09 0.08 0.07 0.06 0.05 0.04 0.03 0.02 0.01
0.34 0.11 0.09 0.08 0.1 0.07 0.06 0.05 0.04 0.03 0.02 0.01
0.34 0.11 0.1 0.09 0.08 0.07 0.06 0.05 0.04 0.03 0.02 0.01
0.34 0.11 0.1 0.09 0.08 0.07 0.06 0.05 0.04 0.03 0.02 0.01
0.34 0.1 0.09 0.11 0.08 0.07 0.06 0.05 0.04 0.03 0.02 0.01
0.23 0.22 0.1 0.09 0.08 0.07 0.06 0.05 0.04 0.03 0.02 0.01
0.34 0.11 0.1 0.09 0.08 0.07 0.06 0.05 0.04 0.03 0.02 0.01
0.07 0.09 0.1 0.13 0.32 0.08 0.06 0.05 0.04 0.03 0.02 0.01
0.23 0.22 0.1 0.09 0.08 0.07 0.06 0.05 0.04 0.03 0.02 0.01
0.34 0.11 0.09 0.08 0.1 0.07 0.06 0.05 0.04 0.03 0.02 0.01
0.34 0.11 0.1 0.09 0.08 0.07 0.06 0.05 0.04 0.03 0.02 0.01
0.34 0.11 0.1 0.09 0.08 0.07 0.06 0.05 0.04 0.03 0.02 0.01
0.34 0.11 0.09 0.08 0.1 0.07 0.06 0.05 0.04 0.03 0.02 0.01
0.34 0.11 0.1 0.09 0.08 0.07 0.06 0.05 0.04 0.03 0.02 0.01
0.34 0.11 0.1 0.09 0.08 0.07 0.06 0.05 0.04 0.03 0.02 0.01
0.34 0.11 0.1 0.09 0.08 0.07 0.06 0.05 0.04 0.03 0.02 0.01
0.14 0.22 0.18 0.1 0.08 0.07 0.06 0.05 0.04 0.03 0.02 0.01
0.34 0.11 0.1 0.09 0.08 0.07 0.06 0.05 0.04 0.03 0.02 0.01
0.07 0.09 0.1 0.13 0.32 0.08 0.06 0.05 0.04 0.03 0.02 0.01
0.34 0.11 0.1 0.09 0.08 0.07 0.06 0.05 0.04 0.03 0.02 0.01
0.34 0.11 0.1 0.09 0.08 0.07 0.06 0.05 0.04 0.03 0.02 0.01
0.34 0.11 0.1 0.09 0.07 0.08 0.06 0.05 0.04 0.03 0.02 0.01
0.34 0.11 0.1 0.09 0.08 0.07 0.06 0.05 0.04 0.03 0.02 0.01
0.34 0.11 0.1 0.09 0.08 0.07 0.06 0.05 0.04 0.03 0.02 0.01
0.34 0.11 0.1 0.09 0.08 0.07 0.06 0.05 0.04 0.03 0.02 0.01
0.34 0.11 0.1 0.09 0.08 0.07 0.06 0.05 0.04 0.03 0.02 0.01
0.34 0.11 0.1 0.09 0.08 0.07 0.06 0.05 0.04 0.03 0.02 0.01
0.34 0.11 0.1 0.09 0.08 0.07 0.06 0.05 0.04 0.03 0.02 0.01
0.23 0.22 0.1 0.09 0.08 0.07 0.06 0.05 0.04 0.03 0.02 0.01
0.07 0.09 0.1 0.13 0.32 0.08 0.06 0.05 0.04 0.03 0.02 0.01
0.34 0.11 0.1 0.09 0.08 0.07 0.06 0.05 0.04 0.03 0.02 0.01
0.34 0.11 0.1 0.09 0.08 0.07 0.06 0.05 0.04 0.03 0.02 0.01
0.34 0.11 0.1 0.09 0.07 0.08 0.06 0.05 0.04 0.03 0.02 0.01
0.34 0.11 0.1 0.09 0.08 0.07 0.06 0.05 0.04 0.03 0.02 0.01
0.34 0.11 0.1 0.09 0.08 0.07 0.06 0.05 0.04 0.03 0.02 0.01
0.34 0.11 0.1 0.09 0.08 0.07 0.06 0.05 0.04 0.03 0.02 0.01
0.34 0.11 0.1 0.09 0.08 0.07 0.06 0.05 0.04 0.03 0.02 0.01
0.34 0.11 0.09 0.1 0.08 0.07 0.06 0.05 0.04 0.03 0.02 0.01
0.34 0.11 0.1 0.09 0.07 0.08 0.06 0.05 0.04 0.03 0.02 0.01
0.34 0.11 0.1 0.09 0.08 0.07 0.06 0.05 0.04 0.03 0.02 0.01
0.07 0.09 0.1 0.13 0.32 0.08 0.06 0.05 0.04 0.03 0.02 0.01
0.34 0.11 0.1 0.09 0.08 0.07 0.06 0.05 0.04 0.03 0.02 0.01
0.34 0.11 0.09 0.1 0.08 0.07 0.06 0.05 0.04 0.03 0.02 0.01
0.34 0.11 0.1 0.09 0.08 0.07 0.06 0.05 0.04 0.03 0.02 0.01
0.34 0.11 0.1 0.09 0.08 0.07 0.06 0.05 0.04 0.03 0.02 0.01
0.34 0.11 0.09 0.08 0.1 0.07 0.06 0.05 0.04 0.03 0.02 0.01
0.34 0.1 0.09 0.11 0.08 0.07 0.06 0.05 0.04 0.03 0.02 0.01
0.23 0.22 0.1 0.09 0.08 0.07 0.06 0.05 0.04 0.03 0.02 0.01
0.34 0.11 0.1 0.09 0.08 0.07 0.06 0.05 0.04 0.03 0.02 0.01
0.34 0.1 0.11 0.09 0.08 0.07 0.06 0.05 0.04 0.03 0.02 0.01
0.34 0.11 0.1 0.09 0.08 0.07 0.06 0.05 0.04 0.03 0.02 0.01
0.07 0.09 0.1 0.13 0.32 0.08 0.06 0.05 0.04 0.03 0.02 0.01
0.34 0.11 0.1 0.09 0.08 0.07 0.06 0.05 0.04 0.03 0.02 0.01
0.34 0.11 0.1 0.09 0.08 0.07 0.06 0.05 0.04 0.03 0.02 0.01
0.34 0.11 0.1 0.09 0.08 0.07 0.06 0.05 0.04 0.03 0.02 0.01
0.34 0.11 0.09 0.08 0.1 0.07 0.06 0.05 0.04 0.03 0.02 0.01
0.34 0.11 0.1 0.09 0.08 0.07 0.06 0.05 0.04 0.03 0.02 0.01
0.34 0.11 0.1 0.09 0.07 0.08 0.06 0.05 0.04 0.03 0.02 0.01
0.34 0.11 0.09 0.08 0.1 0.07 0.06 0.05 0.04 0.03 0.02 0.01
0.34 0.11 0.1 0.08 0.09 0.07 0.06 0.05 0.04 0.03 0.02 0.01
0.34 0.11 0.1 0.09 0.08 0.07 0.06 0.05 0.04 0.03 0.02 0.01
0.34 0.11 0.1 0.09 0.08 0.07 0.06 0.05 0.04 0.03 0.02 0.01
0.07 0.09 0.1 0.13 0.32 0.08 0.06 0.05 0.04 0.03 0.02 0.01
0.34 0.11 0.1 0.09 0.08 0.07 0.06 0.05 0.04 0.03 0.02 0.01
0.34 0.11 0.1 0.09 0.08 0.07 0.06 0.05 0.04 0.03 0.02 0.01
0.34 0.11 0.1 0.09 0.08 0.07 0.06 0.05 0.04 0.03 0.02 0.01
0.34 0.11 0.1 0.09 0.08 0.07 0.06 0.05 0.04 0.03 0.02 0.01
0.34 0.11 0.1 0.09 0.08 0.07 0.06 0.05 0.04 0.03 0.02 0.01
0.34 0.11 0.1 0.09 0.08 0.07 0.06 0.05 0.04 0.03 0.02 0.01
0.34 0.11 0.1 0.09 0.07 0.08 0.06 0.05 0.04 0.03 0.02 0.01
0.34 0.11 0.1 0.09 0.08 0.07 0.06 0.05 0.04 0.03 0.02 0.01
0.34 0.11 0.1 0.09 0.08 0.07 0.06 0.05 0.04 0.03 0.02 0.01
0.34 0.1 0.09 0.11 0.08 0.07 0.06 0.05 0.04 0.03 0.02 0.01
0.07 0.09 0.1 0.13 0.32 0.08 0.06 0.05 0.04 0.03 0.02 0.01
0.34 0.11 0.1 0.09 0.08 0.07 0.06 0.05 0.04 0.03 0.02 0.01
0.34 0.11 0.1 0.09 0.08 0.07 0.06 0.05 0.04 0.03 0.02 0.01
0.34 0.11 0.1 0.09 0.08 0.07 0.06 0.05 0.04 0.03 0.02 0.01
0.34 0.11 0.1 0.09 0.08 0.07 0.06 0.05 0.04 0.03 0.02 0.01
0.34 0.11 0.1 0.09 0.08 0.07 0.06 0.05 0.04 0.03 0.02 0.01
0.34 0.11 0.1 0.09 0.08 0.07 0.06 0.05 0.04 0.03 0.02 0.01
0.34 0.11 0.1 0.09 0.08 0.07 0.06 0.05 0.04 0.03 0.02 0.01
0.34 0.11 0.1 0.09 0.08 0.07 0.06 0.05 0.04 0.03 0.02 0.01
0.34 0.11 0.1 0.09 0.08 0.07 0.06 0.05 0.04 0.03 0.02 0.01
0.23 0.22 0.1 0.08 0.09 0.07 0.06 0.05 0.04 0.03 0.02 0.01
0.07 0.09 0.1 0.13 0.32 0.08 0.06 0.05 0.04 0.03 0.02 0.01
0.34 0.11 0.1 0.09 0.08 0.07 0.06 0.05 0.04 0.03 0.02 0.01
0.34 0.11 0.1 0.09 0.08 0.07 0.06 0.05 0.04 0.03 0.02 0.01
0.34 0.11 0.1 0.09 0.08 0.07 0.06 0.05 0.04 0.03 0.02 0.01
0.34 0.11 0.1 0.09 0.08 0.07 0.06 0.05 0.04 0.03 0.02 0.01
0.34 0.11 0.1 0.09 0.08 0.07 0.06 0.05 0.04 0.03 0.02 0.01
0.34 0.11 0.1 0.09 0.08 0.07 0.06 0.05 0.04 0.03 0.02 0.01
0.34 0.11 0.09 0.08 0.1 0.07 0.06 0.05 0.04 0.03 0.02 0.01
0.34 0.11 0.1 0.09 0.08 0.07 0.06 0.05 0.04 0.03 0.02 0.01
0.34 0.11 0.1 0.09 0.08 0.07 0.06 0.05 0.04 0.03 0.02 0.01
0.34 0.11 0.09 0.08 0.1 0.07 0.06 0.05 0.04 0.03 0.02 0.01
0.07 0.09 0.1 0.13 0.32 0.08 0.06 0.05 0.04 0.03 0.02 0.01
0.34 0.11 0.1 0.09 0.07 0.08 0.06 0.05 0.04 0.03 0.02 0.01
0.34 0.11 0.1 0.09 0.08 0.07 0.06 0.05 0.04 0.03 0.02 0.01
0.34 0.11 0.1 0.09 0.07 0.08 0.06 0.05 0.04 0.03 0.02 0.01
0.34 0.11 0.1 0.09 0.08 0.07 0.06 0.05 0.04 0.03 0.02 0.01
0.34 0.11 0.1 0.09 0.08 0.07 0.06 0.05 0.04 0.03 0.02 0.01
0.34 0.11 0.1 0.09 0.07 0.08 0.06 0.05 0.04 0.03 0.02 0.01
0.23 0.2 0.12 0.09 0.08 0.07 0.06 0.05 0.04 0.03 0.02 0.01
0.34 0.1 0.11 0.09 0.08 0.07 0.06 0.05 0.04 0.03 0.02 0.01
0.34 0.11 0.1 0.09 0.08 0.07 0.06 0.05 0.04 0.03 0.02 0.01
0.17 0.28 0.1 0.09 0.08 0.07 0.06 0.05 0.04 0.03 0.02 0.01
0.07 0.09 0.1 0.13 0.32 0.08 0.06 0.05 0.04 0.03 0.02 0.01
0.34 0.11 0.1 0.09 0.08 0.07 0.06 0.05 0.04 0.03 0.02 0.01
0.23 0.19 0.13 0.09 0.08 0.07 0.06 0.05 0.04 0.03 0.02 0.01
0.34 0.11 0.1 0.09 0.08 0.07 0.06 0.05 0.04 0.03 0.02 0.01
0.34 0.11 0.1 0.09 0.08 0.07 0.06 0.05 0.04 0.03 0.02 0.01
0.34 0.11 0.1 0.09 0.08 0.07 0.06 0.05 0.04 0.03 0.02 0.01
0.34 0.11 0.1 0.09 0.08 0.07 0.06 0.05 0.04 0.03 0.02 0.01
0.34 0.1 0.09 0.11 0.08 0.07 0.06 0.05 0.04 0.03 0.02 0.01
0.23 0.22 0.1 0.09 0.08 0.07 0.06 0.05 0.04 0.03 0.02 0.01
0.34 0.11 0.1 0.08 0.09 0.07 0.06 0.05 0.04 0.03 0.02 0.01
0.23 0.2 0.12 0.09 0.08 0.07 0.06 0.05 0.04 0.03 0.02 0.01
0.07 0.09 0.1 0.13 0.32 0.08 0.06 0.05 0.04 0.03 0.02 0.01
0.34 0.11 0.1 0.09 0.08 0.07 0.06 0.05 0.04 0.03 0.02 0.01
0.34 0.11 0.1 0.09 0.08 0.07 0.06 0.05 0.04 0.03 0.02 0.01
0.34 0.11 0.1 0.09 0.08 0.07 0.06 0.05 0.04 0.03 0.02 0.01
0.34 0.11 0.1 0.09 0.08 0.07 0.06 0.05 0.04 0.03 0.02 0.01
0.34 0.11 0.09 0.08 0.1 0.07 0.06 0.05 0.04 0.03 0.02 0.01
0.34 0.11 0.1 0.09 0.08 0.07 0.06 0.05 0.04 0.03 0.02 0.01
0.34 0.11 0.1 0.09 0.08 0.07 0.06 0.05 0.04 0.03 0.02 0.01
0.34 0.11 0.1 0.09 0.08 0.07 0.06 0.05 0.04 0.03 0.02 0.01
0.34 0.11 0.1 0.09 0.08 0.07 0.06 0.05 0.04 0.03 0.02 0.01
0.34 0.11 0.1 0.09 0.08 0.07 0.06 0.05 0.04 0.03 0.02 0.01
0.07 0.1 0.09 0.13 0.32 0.08 0.06 0.05 0.04 0.03 0.02 0.01
0.34 0.11 0.1 0.09 0.08 0.07 0.06 0.05 0.04 0.03 0.02 0.01
0.34 0.11 0.1 0.09 0.08 0.07 0.06 0.05 0.04 0.03 0.02 0.01
0.34 0.11 0.1 0.09 0.08 0.07 0.06 0.05 0.04 0.03 0.02 0.01
0.34 0.1 0.11 0.09 0.08 0.07 0.06 0.05 0.04 0.03 0.02 0.01
0.34 0.11 0.1 0.09 0.08 0.07 0.06 0.05 0.04 0.03 0.02 0.01
0.34 0.11 0.1 0.09 0.08 0.07 0.06 0.05 0.04 0.03 0.02 0.01
0.34 0.11 0.1 0.09 0.08 0.07 0.06 0.05 0.04 0.03 0.02 0.01
0.34 0.11 0.09 0.08 0.1 0.07 0.06 0.05 0.04 0.03 0.02 0.01
0.34 0.11 0.1 0.09 0.08 0.07 0.06 0.05 0.04 0.03 0.02 0.01
0.12 0.08 0.27 0.16 0.09 0.07 0.06 0.05 0.04 0.03 0.02 0.01
0.07 0.09 0.1 0.13 0.32 0.08 0.06 0.05 0.04 0.03 0.02 0.01
0.34 0.11 0.1 0.09 0.08 0.07 0.06 0.05 0.04 0.03 0.02 0.01
0.34 0.11 0.1 0.09 0.08 0.07 0.06 0.05 0.04 0.03 0.02 0.01
0.34 0.11 0.1 0.09 0.08 0.07 0.06 0.05 0.04 0.03 0.02 0.01
0.34 0.1 0.09 0.11 0.08 0.07 0.06 0.05 0.04 0.03 0.02 0.01
0.34 0.11 0.09 0.08 0.1 0.07 0.06 0.05 0.04 0.03 0.02 0.01
0.34 0.11 0.1 0.09 0.08 0.07 0.06 0.05 0.04 0.03 0.02 0.01
0.34 0.11 0.1 0.09 0.08 0.07 0.06 0.05 0.04 0.03 0.02 0.01
0.34 0.11 0.1 0.09 0.08 0.07 0.06 0.05 0.04 0.03 0.02 0.01
0.34 0.11 0.1 0.09 0.08 0.07 0.06 0.05 0.04 0.03 0.02 0.01
0.23 0.21 0.11 0.09 0.08 0.07 0.06 0.05 0.04 0.03 0.02 0.01
0.07 0.09 0.1 0.13 0.32 0.08 0.06 0.05 0.04 0.03 0.02 0.01
0.34 0.11 0.1 0.09 0.08 0.07 0.06 0.05 0.04 0.03 0.02 0.01
0.34 0.1 0.11 0.09 0.08 0.07 0.06 0.05 0.04 0.03 0.02 0.01
0.34 0.11 0.1 0.09 0.08 0.07 0.06 0.05 0.04 0.03 0.02 0.01
0.34 0.11 0.1 0.08 0.09 0.07 0.06 0.05 0.04 0.03 0.02 0.01
0.34 0.11 0.1 0.09 0.07 0.08 0.06 0.05 0.04 0.03 0.02 0.01
0.34 0.11 0.1 0.09 0.08 0.07 0.06 0.05 0.04 0.03 0.02 0.01
0.34 0.11 0.1 0.08 0.09 0.07 0.06 0.05 0.04 0.03 0.02 0.01
0.34 0.11 0.1 0.09 0.08 0.07 0.06 0.05 0.04 0.03 0.02 0.01
0.34 0.11 0.1 0.09 0.08 0.07 0.06 0.05 0.04 0.03 0.02 0.01
0.34 0.11 0.09 0.08 0.1 0.07 0.06 0.05 0.04 0.03 0.02 0.01
0.07 0.09 0.1 0.13 0.32 0.08 0.06 0.05 0.04 0.03 0.02 0.01
0.34 0.11 0.1 0.09 0.08 0.07 0.06 0.05 0.04 0.03 0.02 0.01
0.34 0.11 0.1 0.09 0.08 0.07 0.06 0.05 0.04 0.03 0.02 0.01
0.34 0.11 0.09 0.08 0.1 0.07 0.06 0.05 0.04 0.03 0.02 0.01
0.34 0.11 0.1 0.09 0.08 0.07 0.06 0.05 0.04 0.03 0.02 0.01
0.34 0.1 0.09 0.11 0.08 0.07 0.06 0.05 0.04 0.03 0.02 0.01
0.34 0.11 0.1 0.09 0.08 0.07 0.06 0.05 0.04 0.03 0.02 0.01
0.34 0.11 0.1 0.09 0.08 0.07 0.06 0.05 0.04 0.03 0.02 0.01
0.34 0.11 0.1 0.09 0.08 0.07 0.06 0.05 0.04 0.03 0.02 0.01
0.34 0.11 0.1 0.09 0.08 0.07 0.06 0.05 0.04 0.03 0.02 0.01
0.34 0.11 0.1 0.09 0.08 0.07 0.06 0.05 0.04 0.03 0.02 0.01
0.07 0.09 0.1 0.13 0.32 0.08 0.06 0.05 0.04 0.03 0.02 0.01
0.34 0.11 0.1 0.09 0.08 0.07 0.06 0.05 0.04 0.03 0.02 0.01
0.34 0.11 0.1 0.09 0.08 0.07 0.06 0.05 0.04 0.03 0.02 0.01
0.34 0.11 0.1 0.09 0.08 0.07 0.06 0.05 0.04 0.03 0.02 0.01
0.34 0.11 0.1 0.09 0.08 0.07 0.06 0.05 0.04 0.03 0.02 0.01
0.23 0.2 0.12 0.09 0.08 0.07 0.06 0.05 0.04 0.03 0.02 0.01
0.34 0.11 0.1 0.09 0.08 0.07 0.06 0.05 0.04 0.03 0.02 0.01
0.34 0.11 0.1 0.09 0.08 0.07 0.06 0.05 0.04 0.03 0.02 0.01
0.34 0.11 0.1 0.09 0.07 0.08 0.06 0.05 0.04 0.03 0.02 0.01
0.34 0.11 0.1 0.09 0.08 0.07 0.06 0.05 0.04 0.03 0.02 0.01
0.34 0.11 0.1 0.09 0.08 0.07 0.06 0.05 0.04 0.03 0.02 0.01
0.07 0.09 0.1 0.13 0.32 0.08 0.06 0.05 0.04 0.03 0.02 0.01
0.34 0.11 0.1 0.09 0.08 0.07 0.06 0.05 0.04 0.03 0.02 0.01
0.34 0.11 0.1 0.09 0.08 0.07 0.06 0.05 0.04 0.03 0.02 0.01
0.34 0.11 0.1 0.09 0.07 0.08 0.06 0.05 0.04 0.03 0.02 0.01
0.34 0.11 0.1 0.09 0.08 0.07 0.06 0.05 0.04 0.03 0.02 0.01
0.34 0.11 0.1 0.09 0.08 0.07 0.06 0.05 0.04 0.03 0.02 0.01
0.34 0.11 0.1 0.09 0.08 0.07 0.06 0.05 0.04 0.03 0.02 0.01
0.34 0.11 0.1 0.09 0.08 0.07 0.06 0.05 0.04 0.03 0.02 0.01
0.34 0.11 0.09 0.08 0.1 0.07 0.06 0.05 0.04 0.03 0.02 0.01
0.34 0.11 0.1 0.09 0.08 0.07 0.06 0.05 0.04 0.03 0.02 0.01
0.34 0.11 0.1 0.09 0.08 0.07 0.06 0.05 0.04 0.03 0.02 0.01
0.07 0.09 0.1 0.13 0.32 0.08 0.06 0.05 0.04 0.03 0.02 0.01
0.34 0.1 0.11 0.09 0.08 0.07 0.06 0.05 0.04 0.03 0.02 0.01
0.34 0.11 0.1 0.09 0.08 0.07 0.06 0.05 0.04 0.03 0.02 0.01
0.34 0.11 0.1 0.09 0.08 0.07 0.06 0.05 0.04 0.03 0.02 0.01
0.34 0.11 0.1 0.09 0.08 0.07 0.06 0.05 0.04 0.03 0.02 0.01
0.34 0.11 0.1 0.09 0.08 0.07 0.06 0.05 0.04 0.03 0.02 0.01
0.34 0.11 0.09 0.1 0.08 0.07 0.06 0.05 0.04 0.03 0.02 0.01
0.34 0.11 0.09 0.08 0.1 0.07 0.06 0.05 0.04 0.03 0.02 0.01
0.34 0.11 0.1 0.09 0.08 0.07 0.06 0.05 0.04 0.03 0.02 0.01
0.34 0.11 0.1 0.09 0.08 0.07 0.06 0.05 0.04 0.03 0.02 0.01
0.34 0.11 0.1 0.09 0.08 0.07 0.06 0.05 0.04 0.03 0.02 0.01
0.07 0.09 0.1 0.13 0.32 0.08 0.06 0.05 0.04 0.03 0.02 0.01
0.34 0.11 0.09 0.08 0.1 0.07 0.06 0.05 0.04 0.03 0.02 0.01
0.34 0.11 0.1 0.09 0.08 0.07 0.06 0.05 0.04 0.03 0.02 0.01
0.34 0.11 0.1 0.09 0.08 0.07 0.06 0.05 0.04 0.03 0.02 0.01
0.34 0.11 0.09 0.08 0.1 0.07 0.06 0.05 0.04 0.03 0.02 0.01
0.23 0.22 0.1 0.09 0.08 0.07 0.06 0.05 0.04 0.03 0.02 0.01
0.34 0.11 0.1 0.09 0.08 0.07 0.06 0.05 0.04 0.03 0.02 0.01
0.34 0.11 0.1 0.09 0.08 0.07 0.06 0.05 0.04 0.03 0.02 0.01
0.23 0.22 0.1 0.09 0.08 0.07 0.06 0.05 0.04 0.03 0.02 0.01
0.23 0.22 0.1 0.09 0.08 0.07 0.06 0.05 0.04 0.03 0.02 0.01
0.34 0.11 0.1 0.09 0.08 0.07 0.06 0.05 0.04 0.03 0.02 0.01
0.07 0.09 0.1 0.13 0.32 0.08 0.06 0.05 0.04 0.03 0.02 0.01
0.34 0.11 0.1 0.09 0.07 0.08 0.06 0.05 0.04 0.03 0.02 0.01
0.34 0.11 0.1 0.09 0.08 0.07 0.06 0.05 0.04 0.03 0.02 0.01
0.34 0.11 0.1 0.09 0.08 0.07 0.06 0.05 0.04 0.03 0.02 0.01
0.34 0.11 0.1 0.09 0.08 0.07 0.06 0.05 0.04 0.03 0.02 0.01
0.34 0.11 0.1 0.09 0.08 0.07 0.06 0.05 0.04 0.03 0.02 0.01
0.23 0.22 0.1 0.09 0.08 0.07 0.06 0.05 0.04 0.03 0.02 0.01
0.34 0.11 0.1 0.09 0.08 0.07 0.06 0.05 0.04 0.03 0.02 0.01
0.34 0.1 0.11 0.09 0.08 0.07 0.06 0.05 0.04 0.03 0.02 0.01
0.34 0.11 0.1 0.09 0.08 0.07 0.06 0.05 0.04 0.03 0.02 0.01
0.23 0.22 0.1 0.09 0.08 0.07 0.06 0.05 0.04 0.03 0.02 0.01
0.07 0.09 0.1 0.13 0.32 0.08 0.06 0.05 0.04 0.03 0.02 0.01
0.34 0.11 0.1 0.09 0.07 0.08 0.06 0.05 0.04 0.03 0.02 0.01
0.34 0.1 0.09 0.11 0.08 0.07 0.06 0.05 0.04 0.03 0.02 0.01
0.34 0.11 0.1 0.09 0.08 0.07 0.06 0.05 0.04 0.03 0.02 0.01
0.34 0.11 0.09 0.08 0.1 0.07 0.06 0.05 0.04 0.03 0.02 0.01
0.34 0.11 0.1 0.08 0.09 0.07 0.06 0.05 0.04 0.03 0.02 0.01
0.34 0.11 0.1 0.09 0.08 0.07 0.06 0.05 0.04 0.03 0.02 0.01
0.34 0.11 0.1 0.09 0.08 0.07 0.06 0.05 0.04 0.03 0.02 0.01
0.34 0.11 0.1 0.09 0.08 0.07 0.06 0.05 0.04 0.03 0.02 0.01
0.11 0.22 0.18 0.12 0.09 0.07 0.06 0.05 0.04 0.03 0.02 0.01
0.34 0.11 0.1 0.09 0.08 0.07 0.06 0.05 0.04 0.03 0.02 0.01
0.07 0.09 0.1 0.13 0.32 0.08 0.06 0.05 0.04 0.03 0.02 0.01
0.34 0.11 0.1 0.09 0.08 0.07 0.06 0.05 0.04 0.03 0.02 0.01
0.34 0.1 0.11 0.09 0.08 0.07 0.06 0.05 0.04 0.03 0.02 0.01
0.34 0.11 0.1 0.09 0.08 0.07 0.06 0.05 0.04 0.03 0.02 0.01
0.34 0.11 0.1 0.09 0.08 0.07 0.06 0.05 0.04 0.03 0.02 0.01
0.34 0.11 0.1 0.09 0.08 0.07 0.06 0.05 0.04 0.03 0.02 0.01
0.34 0.11 0.1 0.09 0.08 0.07 0.06 0.05 0.04 0.03 0.02 0.01
0.34 0.11 0.1 0.09 0.08 0.07 0.06 0.05 0.04 0.03 0.02 0.01
0.34 0.11 0.1 0.09 0.08 0.07 0.06 0.05 0.04 0.03 0.02 0.01
0.34 0.11 0.1 0.09 0.08 0.07 0.06 0.05 0.04 0.03 0.02 0.01
0.34 0.11 0.1 0.09 0.08 0.07 0.06 0.05 0.04 0.03 0.02 0.01
0.07 0.09 0.1 0.13 0.32 0.08 0.06 0.05 0.04 0.03 0.02 0.01
0.34 0.11 0.1 0.09 0.08 0.07 0.06 0.05 0.04 0.03 0.02 0.01
0.34 0.11 0.1 0.09 0.08 0.07 0.06 0.05 0.04 0.03 0.02 0.01
0.34 0.11 0.1 0.09 0.08 0.07 0.06 0.05 0.04 0.03 0.02 0.01
0.34 0.11 0.1 0.09 0.08 0.07 0.06 0.05 0.04 0.03 0.02 0.01
0.34 0.11 0.1 0.09 0.08 0.07 0.06 0.05 0.04 0.03 0.02 0.01
0.34 0.11 0.1 0.09 0.08 0.07 0.06 0.05 0.04 0.03 0.02 0.01
0.34 0.11 0.1 0.09 0.08 0.07 0.06 0.05 0.04 0.03 0.02 0.01
0.34 0.11 0.1 0.09 0.08 0.07 0.06 0.05 0.04 0.03 0.02 0.01
0.34 0.11 0.1 0.09 0.08 0.07 0.06 0.05 0.04 0.03 0.02 0.01
0.34 0.11 0.1 0.09 0.08 0.07 0.06 0.05 0.04 0.03 0.02 0.01
0.07 0.09 0.1 0.13 0.32 0.08 0.06 0.05 0.04 0.03 0.02 0.01
0.07 0.09 0.1 0.13 0.32 0.08 0.06 0.05 0.04 0.03 0.02 0.01
0.07 0.09 0.1 0.13 0.32 0.08 0.06 0.05 0.04 0.03 0.02 0.01
0.07 0.09 0.1 0.13 0.32 0.08 0.06 0.05 0.04 0.03 0.02 0.01
0.07 0.09 0.1 0.13 0.32 0.08 0.06 0.05 0.04 0.03 0.02 0.01
0.07 0.09 0.1 0.13 0.32 0.08 0.06 0.05 0.04 0.03 0.02 0.01
0.07 0.09 0.1 0.13 0.32 0.08 0.06 0.05 0.04 0.03 0.02 0.01
0.07 0.09 0.1 0.13 0.32 0.08 0.06 0.05 0.04 0.03 0.02 0.01
0.07 0.09 0.1 0.13 0.32 0.08 0.06 0.05 0.04 0.03 0.02 0.01
0.07 0.09 0.1 0.13 0.32 0.08 0.06 0.05 0.04 0.03 0.02 0.01
0.07 0.09 0.1 0.13 0.32 0.08 0.06 0.05 0.04 0.03 0.02 0.01
0.34 0.11 0.1 0.09 0.08 0.07 0.06 0.05 0.04 0.03 0.02 0.01
