0.46 0.54
0.3 0.7
0.34 0.66
0.32 0.68
0.32 0.68
0.32 0.68
0.34 0.66
0.34 0.66
0.3 0.7
0.23 0.77
0.13 0.87
0.34 0.66
0.34 0.66
0.3 0.7
0.02 0.98
0.03 0.97
0.02 0.98
0.08 0.92
0.02 0.98
0.03 0.97
0.08 0.92
0.28 0.72
0.34 0.66
0.36 0.64
0.3 0.7
0.3 0.7
0.34 0.66
0.26 0.74
0.32 0.68
0.32 0.68
0.26 0.74
0.36 0.64
0.08 0.92
0.3 0.7
0.34 0.66
0.34 0.66
0.26 0.74
0.34 0.66
0.34 0.66
0.34 0.66
0.17 0.83
0.36 0.64
0.34 0.66
0.17 0.83
0.36 0.64
0.34 0.66
0.34 0.66
0.34 0.66
0.36 0.64
0.34 0.66
0.34 0.66
0.28 0.72
0.36 0.64
0.34 0.66
0.06 0.94
0.32 0.68
0.32 0.68
0.32 0.68
0.36 0.64
0.34 0.66
0.3 0.7
0.17 0.83
0.32 0.68
0.34 0.66
0.26 0.74
0.08 0.92
0.3 0.7
0.34 0.66
0.34 0.66
0.34 0.66
0.3 0.7
0.3 0.7
0.32 0.68
0.32 0.68
0.34 0.66
0.36 0.64
0.08 0.92
0.34 0.66
0.36 0.64
0.34 0.66
0.32 0.68
0.3 0.7
0.34 0.66
0.17 0.83
0.34 0.66
0.34 0.66
0.34 0.66
0.02 0.98
0.32 0.68
0.34 0.66
0.23 0.77
0.28 0.72
0.46 0.54
0.28 0.72
0.28 0.72
0.32 0.68
0.34 0.66
0.32 0.68
0.17 0.83
0.36 0.64
0.36 0.64
0.26 0.74
0.32 0.68
0.3 0.7
0.34 0.66
0.34 0.66
0.34 0.66
0.3 0.7
0.28 0.72
0.08 0.92
0.28 0.72
0.28 0.72
0.32 0.68
0.34 0.66
0.32 0.68
0.32 0.68
0.34 0.66
0.36 0.64
0.26 0.74
0.34 0.66
0.17 0.83
0.3 0.7
0.34 0.66
0.34 0.66
0.28 0.72
0.32 0.68
0.34 0.66
0.36 0.64
0.23 0.77
0.34 0.66
0.23 0.77
0.08 0.92
0.28 0.72
0.32 0.68
0.32 0.68
0.33 0.67
0.36 0.64
0.34 0.66
0.34 0.66
0.34 0.66
0.36 0.64
0.36 0.64
0.02 0.98
0.46 0.54
0.3 0.7
0.32 0.68
0.32 0.68
0.32 0.68
0.23 0.77
0.3 0.7
0.32 0.68
0.34 0.66
0.33 0.67
0.13 0.87
0.36 0.64
0.34 0.66
0.34 0.66
0.34 0.66
0.28 0.72
0.46 0.54
0.3 0.7
0.46 0.54
0.32 0.68
0.26 0.74
0.04 0.96
0.3 0.7
0.34 0.66
0.34 0.66
0.34 0.66
0.3 0.7
0.46 0.54
0.32 0.68
0.34 0.66
0.23 0.77
0.3 0.7
0.08 0.92
0.34 0.66
0.36 0.64
0.33 0.67
0.46 0.54
0.33 0.67
0.32 0.68
0.23 0.77
0.34 0.66
0.34 0.66
0.36 0.64
0.14 0.86
0.32 0.68
0.34 0.66
0.32 0.68
0.34 0.66
0.32 0.68
0.34 0.66
0.32 0.68
0.34 0.66
0.28 0.72
0.26 0.74
0.23 0.77
0.32 0.68
0.34 0.66
0.28 0.72
0.36 0.64
0.32 0.68
0.32 0.68
0.46 0.54
0.32 0.68
0.34 0.66
0.34 0.66
0.13 0.87
0.32 0.68
0.34 0.66
0.46 0.54
0.34 0.66
0.3 0.7
0.34 0.66
0.34 0.66
0.3 0.7
0.34 0.66
0.3 0.7
0.13 0.87
0.32 0.68
0.33 0.67
0.34 0.66
0.36 0.64
0.32 0.68
0.36 0.64
0.23 0.77
0.32 0.68
0.32 0.68
0.34 0.66
0.03 0.97
0.46 0.54
0.34 0.66
0.46 0.54
0.34 0.66
0.32 0.68
0.32 0.68
0.32 0.68
0.46 0.54
0.32 0.68
0.34 0.66
0.05 0.95
0.3 0.7
0.28 0.72
0.34 0.66
0.34 0.66
0.32 0.68
0.32 0.68
0.34 0.66
0.32 0.68
0.46 0.54
0.33 0.67
0.13 0.87
0.28 0.72
0.32 0.68
0.32 0.68
0.28 0.72
0.46 0.54
0.34 0.66
0.28 0.72
0.32 0.68
0.32 0.68
0.32 0.68
0.17 0.83
0.3 0.7
0.32 0.68
0.36 0.64
0.36 0.64
0.34 0.66
0.34 0.66
0.3 0.7
0.28 0.72
0.33 0.67
0.34 0.66
0.08 0.92
0.32 0.68
0.32 0.68
0.34 0.66
0.46 0.54
0.34 0.66
0.32 0.68
0.26 0.74
0.32 0.68
0.28 0.72
0.32 0.68
0.2 0.8
0.34 0.66
0.3 0.7
0.34 0.66
0.34 0.66
0.25 0.75
0.36 0.64
0.2 0.8
0.32 0.68
0.2 0.8
0.3 0.7
0.06 0.94
0.36 0.64
0.33 0.67
0.34 0.66
0.3 0.7
0.36 0.64
0.23 0.77
0.34 0.66
0.26 0.74
0.26 0.74
0.32 0.68
0.17 0.83
0.34 0.66
0.36 0.64
0.34 0.66
0.28 0.72
0.28 0.72
0.34 0.66
0.33 0.67
0.34 0.66
0.32 0.68
0.34 0.66
0.08 0.92
0.32 0.68
0.3 0.7
0.34 0.66
0.3 0.7
0.25 0.75
0.28 0.72
0.32 0.68
0.2 0.8
0.34 0.66
0.28 0.72
0.2 0.8
0.34 0.66
0.34 0.66
0.46 0.54
0.32 0.68
0.28 0.72
0.34 0.66
0.3 0.7
0.3 0.7
0.32 0.68
0.3 0.7
0.13 0.87
0.32 0.68
0.3 0.7
0.36 0.64
0.32 0.68
0.28 0.72
0.28 0.72
0.32 0.68
0.32 0.68
0.34 0.66
0.36 0.64
0.08 0.92
0.34 0.66
0.34 0.66
0.28 0.72
0.34 0.66
0.46 0.54
0.46 0.54
0.33 0.67
0.3 0.7
0.34 0.66
0.28 0.72
0.13 0.87
0.34 0.66
0.34 0.66
0.34 0.66
0.28 0.72
0.34 0.66
0.46 0.54
0.28 0.72
0.28 0.72
0.32 0.68
0.34 0.66
0.08 0.92
0.34 0.66
0.32 0.68
0.32 0.68
0.3 0.7
0.34 0.66
0.17 0.83
0.28 0.72
0.33 0.67
0.34 0.66
0.36 0.64
0.23 0.77
0.3 0.7
0.33 0.67
0.34 0.66
0.34 0.66
0.34 0.66
0.28 0.72
0.34 0.66
0.3 0.7
0.32 0.68
0.34 0.66
0.17 0.83
0.34 0.66
0.32 0.68
0.3 0.7
0.34 0.66
0.3 0.7
0.3 0.7
0.3 0.7
0.34 0.66
0.34 0.66
0.28 0.72
0.17 0.83
0.34 0.66
0.34 0.66
0.34 0.66
0.34 0.66
0.28 0.72
0.3 0.7
0.33 0.67
0.34 0.66
0.2 0.8
0.32 0.68
0.17 0.83
0.34 0.66
0.36 0.64
0.34 0.66
0.32 0.68
0.33 0.67
0.34 0.66
0.34 0.66
0.36 0.64
0.32 0.68
0.23 0.77
0.08 0.92
0.32 0.68
0.34 0.66
0.36 0.64
0.3 0.7
0.3 0.7
0.3 0.7
0.3 0.7
0.17 0.83
0.32 0.68
0.17 0.83
0.08 0.92
0.32 0.68
0.34 0.66
0.34 0.66
0.46 0.54
0.34 0.66
0.46 0.54
0.28 0.72
0.32 0.68
0.32 0.68
0.3 0.7
0.18 0.82
0.32 0.68
0.34 0.66
0.3 0.7
0.34 0.66
0.32 0.68
0.26 0.74
0.46 0.54
0.34 0.66
0.28 0.72
0.36 0.64
0.2 0.8
0.46 0.54
0.34 0.66
0.34 0.66
0.36 0.64
0.32 0.68
0.36 0.64
0.3 0.7
0.32 0.68
0.28 0.72
0.34 0.66
0.26 0.74
0.34 0.66
0.32 0.68
0.3 0.7
0.32 0.68
0.3 0.7
0.28 0.72
0.32 0.68
0.33 0.67
0.36 0.64
0.2 0.8
0.13 0.87
0.3 0.7
0.32 0.68
0.3 0.7
0.36 0.64
0.34 0.66
0.32 0.68
0.32 0.68
0.34 0.66
0.36 0.64
0.23 0.77
0.13 0.87
0.36 0.64
0.32 0.68
0.34 0.66
0.3 0.7
0.32 0.68
0.33 0.67
0.28 0.72
0.34 0.66
0.34 0.66
0.23 0.77
0.08 0.92
0.3 0.7
0.3 0.7
0.46 0.54
0.3 0.7
0.32 0.68
0.34 0.66
0.34 0.66
0.2 0.8
0.3 0.7
0.32 0.68
0.17 0.83
0.32 0.68
0.34 0.66
0.34 0.66
0.36 0.64
0.34 0.66
0.32 0.68
0.26 0.74
0.32 0.68
0.33 0.67
0.34 0.66
0.13 0.87
0.36 0.64
0.34 0.66
0.46 0.54
0.28 0.72
0.34 0.66
0.34 0.66
0.32 0.68
0.28 0.72
0.32 0.68
0.32 0.68
0.08 0.92
0.34 0.66
0.3 0.7
0.32 0.68
0.46 0.54
0.32 0.68
0.34 0.66
0.36 0.64
0.34 0.66
0.32 0.68
0.17 0.83
0.2 0.8
0.32 0.68
0.34 0.66
0.3 0.7
0.34 0.66
0.33 0.67
0.34 0.66
0.32 0.68
0.34 0.66
0.32 0.68
0.33 0.67
0.23 0.77
0.3 0.7
0.34 0.66
0.34 0.66
0.34 0.66
0.32 0.68
0.28 0.72
0.32 0.68
0.34 0.66
0.32 0.68
0.3 0.7
0.13 0.87
0.32 0.68
0.26 0.74
0.33 0.67
0.36 0.64
0.28 0.72
0.34 0.66
0.34 0.66
0.25 0.75
0.34 0.66
0.3 0.7
0.08 0.92
0.3 0.7
0.36 0.64
0.34 0.66
0.33 0.67
0.34 0.66
0.23 0.77
0.33 0.67
0.34 0.66
0.32 0.68
0.23 0.77
0.17 0.83
0.23 0.77
0.36 0.64
0.32 0.68
0.34 0.66
0.32 0.68
0.3 0.7
0.23 0.77
0.32 0.68
0.34 0.66
0.32 0.68
0.17 0.83
0.3 0.7
0.23 0.77
0.34 0.66
0.34 0.66
0.36 0.64
0.26 0.74
0.32 0.68
0.3 0.7
0.33 0.67
0.34 0.66
0.08 0.92
0.36 0.64
0.36 0.64
0.34 0.66
0.32 0.68
0.34 0.66
0.3 0.7
0.34 0.66
0.28 0.72
0.34 0.66
0.17 0.83
0.08 0.92
0.32 0.68
0.32 0.68
0.46 0.54
0.32 0.68
0.34 0.66
0.3 0.7
0.36 0.64
0.34 0.66
0.26 0.74
0.32 0.68
0.08 0.92
0.36 0.64
0.3 0.7
0.34 0.66
0.28 0.72
0.46 0.54
0.3 0.7
0.36 0.64
0.26 0.74
0.46 0.54
0.28 0.72
0.13 0.87
0.34 0.66
0.34 0.66
0.32 0.68
0.32 0.68
0.46 0.54
0.32 0.68
0.3 0.7
0.23 0.77
0.34 0.66
0.3 0.7
0.08 0.92
0.34 0.66
0.32 0.68
0.36 0.64
0.32 0.68
0.34 0.66
0.33 0.67
0.23 0.77
0.3 0.7
0.3 0.7
0.28 0.72
0.08 0.92
0.02 0.98
0.02 0.98
0.07 0.93
0.08 0.92
0.13 0.87
0.13 0.87
0.08 0.92
0.08 0.92
0.13 0.87
0.32 0.68
0.34 0.66
