0.45 0.1 0.09 0.08 0.07 0.06 0.05 0.04 0.03 0.02 0.01
0.45 0.1 0.09 0.08 0.07 0.06 0.05 0.04 0.03 0.02 0.01
0.45 0.1 0.09 0.08 0.07 0.06 0.05 0.04 0.03 0.02 0.01
0.45 0.1 0.08 0.07 0.09 0.06 0.05 0.04 0.03 0.02 0.01
0.35 0.2 0.09 0.08 0.07 0.06 0.05 0.04 0.03 0.02 0.01
0.45 0.09 0.1 0.08 0.07 0.06 0.05 0.04 0.03 0.02 0.01
0.45 0.1 0.09 0.08 0.07 0.06 0.05 0.04 0.03 0.02 0.01
0.45 0.1 0.09 0.08 0.07 0.06 0.05 0.04 0.03 0.02 0.01
0.45 0.1 0.09 0.08 0.07 0.06 0.05 0.04 0.03 0.02 0.01
0.35 0.2 0.09 0.08 0.07 0.06 0.05 0.04 0.03 0.02 0.01
0.07 0.08 0.11 0.41 0.12 0.06 0.05 0.04 0.03 0.02 0.01
0.45 0.1 0.09 0.08 0.07 0.06 0.05 0.04 0.03 0.02 0.01
0.45 0.1 0.09 0.08 0.07 0.06 0.05 0.04 0.03 0.02 0.01
0.35 0.2 0.09 0.08 0.07 0.06 0.05 0.04 0.03 0.02 0.01
0.45 0.1 0.09 0.08 0.07 0.06 0.05 0.04 0.03 0.02 0.01
0.45 0.1 0.09 0.08 0.07 0.06 0.05 0.04 0.03 0.02 0.01
0.13 0.35 0.16 0.08 0.07 0.06 0.05 0.04 0.03 0.02 0.01
0.35 0.2 0.08 0.07 0.09 0.06 0.05 0.04 0.03 0.02 0.01
0.16 0.35 0.13 0.07 0.08 0.06 0.05 0.04 0.03 0.02 0.01
0.12 0.26 0.19 0.09 0.13 0.06 0.05 0.04 0.03 0.02 0.01
0.13 0.23 0.22 0.14 0.07 0.06 0.05 0.04 0.03 0.02 0.01
0.07 0.08 0.11 0.41 0.12 0.06 0.05 0.04 0.03 0.02 0.01
0.45 0.1 0.09 0.08 0.07 0.06 0.05 0.04 0.03 0.02 0.01
0.35 0.18 0.11 0.08 0.07 0.06 0.05 0.04 0.03 0.02 0.01
0.45 0.1 0.09 0.08 0.07 0.06 0.05 0.04 0.03 0.02 0.01
0.45 0.1 0.09 0.08 0.07 0.06 0.05 0.04 0.03 0.02 0.01
0.45 0.1 0.09 0.08 0.07 0.06 0.05 0.04 0.03 0.02 0.01
0.45 0.1 0.09 0.08 0.07 0.06 0.05 0.04 0.03 0.02 0.01
0.35 0.2 0.09 0.08 0.07 0.06 0.05 0.04 0.03 0.02 0.01
0.45 0.1 0.09 0.08 0.07 0.06 0.05 0.04 0.03 0.02 0.01
0.35 0.17 0.12 0.08 0.07 0.06 0.05 0.04 0.03 0.02 0.01
0.1 0.07 0.45 0.09 0.08 0.06 0.05 0.04 0.03 0.02 0.01
0.07 0.08 0.11 0.41 0.12 0.06 0.05 0.04 0.03 0.02 0.01
0.45 0.1 0.09 0.08 0.07 0.06 0.05 0.04 0.03 0.02 0.01
0.45 0.1 0.09 0.08 0.07 0.06 0.05 0.04 0.03 0.02 0.01
0.45 0.1 0.09 0.08 0.07 0.06 0.05 0.04 0.03 0.02 0.01
0.45 0.1 0.09 0.08 0.07 0.06 0.05 0.04 0.03 0.02 0.01
0.45 0.1 0.09 0.08 0.07 0.06 0.05 0.04 0.03 0.02 0.01
0.45 0.09 0.1 0.08 0.07 0.06 0.05 0.04 0.03 0.02 0.01
0.45 0.1 0.09 0.08 0.07 0.06 0.05 0.04 0.03 0.02 0.01
0.45 0.1 0.09 0.08 0.07 0.06 0.05 0.04 0.03 0.02 0.01
0.21 0.09 0.07 0.34 0.08 0.06 0.05 0.04 0.03 0.02 0.01
0.13 0.21 0.24 0.14 0.07 0.06 0.05 0.04 0.03 0.02 0.01
0.07 0.26 0.21 0.15 0.1 0.06 0.05 0.04 0.03 0.02 0.01
0.45 0.1 0.09 0.08 0.07 0.06 0.05 0.04 0.03 0.02 0.01
0.45 0.1 0.09 0.08 0.07 0.06 0.05 0.04 0.03 0.02 0.01
0.45 0.1 0.09 0.08 0.07 0.06 0.05 0.04 0.03 0.02 0.01
0.45 0.1 0.09 0.08 0.07 0.06 0.05 0.04 0.03 0.02 0.01
0.45 0.1 0.09 0.08 0.07 0.06 0.05 0.04 0.03 0.02 0.01
0.35 0.09 0.07 0.2 0.08 0.06 0.05 0.04 0.03 0.02 0.01
0.45 0.1 0.08 0.09 0.07 0.06 0.05 0.04 0.03 0.02 0.01
0.45 0.1 0.09 0.08 0.07 0.06 0.05 0.04 0.03 0.02 0.01
0.45 0.1 0.09 0.08 0.07 0.06 0.05 0.04 0.03 0.02 0.01
0.35 0.2 0.09 0.08 0.07 0.06 0.05 0.04 0.03 0.02 0.01
0.07 0.08 0.09 0.43 0.12 0.06 0.05 0.04 0.03 0.02 0.01
0.45 0.1 0.08 0.07 0.09 0.06 0.05 0.04 0.03 0.02 0.01
0.45 0.1 0.09 0.08 0.07 0.06 0.05 0.04 0.03 0.02 0.01
0.45 0.1 0.09 0.08 0.07 0.06 0.05 0.04 0.03 0.02 0.01
0.45 0.1 0.09 0.08 0.07 0.06 0.05 0.04 0.03 0.02 0.01
0.35 0.2 0.09 0.08 0.07 0.06 0.05 0.04 0.03 0.02 0.01
0.45 0.1 0.09 0.08 0.07 0.06 0.05 0.04 0.03 0.02 0.01
0.45 0.1 0.09 0.08 0.07 0.06 0.05 0.04 0.03 0.02 0.01
0.45 0.1 0.09 0.08 0.07 0.06 0.05 0.04 0.03 0.02 0.01
0.45 0.1 0.09 0.08 0.07 0.06 0.05 0.04 0.03 0.02 0.01
0.34 0.21 0.09 0.08 0.07 0.06 0.05 0.04 0.03 0.02 0.01
0.07 0.08 0.1 0.42 0.12 0.06 0.05 0.04 0.03 0.02 0.01
0.45 0.1 0.09 0.08 0.07 0.06 0.05 0.04 0.03 0.02 0.01
0.45 0.1 0.09 0.08 0.07 0.06 0.05 0.04 0.03 0.02 0.01
0.45 0.1 0.09 0.08 0.07 0.06 0.05 0.04 0.03 0.02 0.01
0.45 0.1 0.09 0.08 0.07 0.06 0.05 0.04 0.03 0.02 0.01
0.45 0.1 0.09 0.08 0.07 0.06 0.05 0.04 0.03 0.02 0.01
0.45 0.1 0.09 0.08 0.07 0.06 0.05 0.04 0.03 0.02 0.01
0.35 0.2 0.09 0.08 0.07 0.06 0.05 0.04 0.03 0.02 0.01
0.45 0.1 0.09 0.08 0.07 0.06 0.05 0.04 0.03 0.02 0.01
0.45 0.1 0.09 0.08 0.07 0.06 0.05 0.04 0.03 0.02 0.01
0.45 0.1 0.09 0.08 0.07 0.06 0.05 0.04 0.03 0.02 0.01
0.07 0.08 0.11 0.41 0.12 0.06 0.05 0.04 0.03 0.02 0.01
0.35 0.2 0.09 0.08 0.07 0.06 0.05 0.04 0.03 0.02 0.01
0.35 0.16 0.08 0.07 0.13 0.06 0.05 0.04 0.03 0.02 0.01
0.45 0.1 0.09 0.08 0.07 0.06 0.05 0.04 0.03 0.02 0.01
0.45 0.1 0.09 0.08 0.07 0.06 0.05 0.04 0.03 0.02 0.01
0.45 0.1 0.09 0.08 0.07 0.06 0.05 0.04 0.03 0.02 0.01
0.45 0.1 0.09 0.08 0.07 0.06 0.05 0.04 0.03 0.02 0.01
0.35 0.2 0.09 0.08 0.07 0.06 0.05 0.04 0.03 0.02 0.01
0.45 0.1 0.09 0.08 0.07 0.06 0.05 0.04 0.03 0.02 0.01
0.35 0.2 0.09 0.07 0.08 0.06 0.05 0.04 0.03 0.02 0.01
0.35 0.2 0.09 0.08 0.07 0.06 0.05 0.04 0.03 0.02 0.01
0.07 0.08 0.1 0.42 0.12 0.06 0.05 0.04 0.03 0.02 0.01
0.45 0.1 0.09 0.08 0.07 0.06 0.05 0.04 0.03 0.02 0.01
0.35 0.2 0.09 0.08 0.07 0.06 0.05 0.04 0.03 0.02 0.01
0.45 0.1 0.09 0.08 0.07 0.06 0.05 0.04 0.03 0.02 0.01
0.35 0.2 0.09 0.08 0.07 0.06 0.05 0.04 0.03 0.02 0.01
0.45 0.1 0.09 0.08 0.07 0.06 0.05 0.04 0.03 0.02 0.01
0.45 0.1 0.09 0.08 0.07 0.06 0.05 0.04 0.03 0.02 0.01
0.35 0.2 0.09 0.08 0.07 0.06 0.05 0.04 0.03 0.02 0.01
0.45 0.1 0.09 0.08 0.07 0.06 0.05 0.04 0.03 0.02 0.01
0.45 0.09 0.1 0.08 0.07 0.06 0.05 0.04 0.03 0.02 0.01
0.35 0.2 0.09 0.08 0.07 0.06 0.05 0.04 0.03 0.02 0.01
0.07 0.08 0.11 0.41 0.12 0.06 0.05 0.04 0.03 0.02 0.01
0.45 0.1 0.09 0.08 0.07 0.06 0.05 0.04 0.03 0.02 0.01
0.45 0.1 0.09 0.08 0.07 0.06 0.05 0.04 0.03 0.02 0.01
0.45 0.1 0.09 0.08 0.07 0.06 0.05 0.04 0.03 0.02 0.01
0.45 0.1 0.09 0.08 0.07 0.06 0.05 0.04 0.03 0.02 0.01
0.45 0.1 0.09 0.08 0.07 0.06 0.05 0.04 0.03 0.02 0.01
0.45 0.1 0.09 0.08 0.07 0.06 0.05 0.04 0.03 0.02 0.01
0.35 0.19 0.1 0.08 0.07 0.06 0.05 0.04 0.03 0.02 0.01
0.35 0.2 0.09 0.08 0.07 0.06 0.05 0.04 0.03 0.02 0.01
0.16 0.35 0.13 0.08 0.07 0.06 0.05 0.04 0.03 0.02 0.01
0.13 0.19 0.21 0.17 0.09 0.06 0.05 0.04 0.03 0.02 0.01
0.07 0.08 0.1 0.42 0.12 0.06 0.05 0.04 0.03 0.02 0.01
0.45 0.1 0.09 0.08 0.07 0.06 0.05 0.04 0.03 0.02 0.01
0.45 0.1 0.09 0.08 0.07 0.06 0.05 0.04 0.03 0.02 0.01
0.45 0.09 0.08 0.1 0.07 0.06 0.05 0.04 0.03 0.02 0.01
0.34 0.21 0.09 0.08 0.07 0.06 0.05 0.04 0.03 0.02 0.01
0.45 0.1 0.09 0.08 0.07 0.06 0.05 0.04 0.03 0.02 0.01
0.45 0.1 0.09 0.08 0.07 0.06 0.05 0.04 0.03 0.02 0.01
0.45 0.1 0.09 0.08 0.07 0.06 0.05 0.04 0.03 0.02 0.01
0.45 0.1 0.09 0.08 0.07 0.06 0.05 0.04 0.03 0.02 0.01
0.45 0.1 0.09 0.08 0.07 0.06 0.05 0.04 0.03 0.02 0.01
0.45 0.1 0.09 0.08 0.07 0.06 0.05 0.04 0.03 0.02 0.01
0.07 0.08 0.1 0.42 0.12 0.06 0.05 0.04 0.03 0.02 0.01
0.45 0.1 0.09 0.08 0.07 0.06 0.05 0.04 0.03 0.02 0.01
0.45 0.1 0.09 0.08 0.07 0.06 0.05 0.04 0.03 0.02 0.01
0.35 0.2 0.09 0.08 0.07 0.06 0.05 0.04 0.03 0.02 0.01
0.35 0.2 0.09 0.08 0.07 0.06 0.05 0.04 0.03 0.02 0.01
0.45 0.1 0.09 0.08 0.07 0.06 0.05 0.04 0.03 0.02 0.01
0.45 0.1 0.09 0.08 0.07 0.06 0.05 0.04 0.03 0.02 0.01
0.45 0.1 0.09 0.08 0.07 0.06 0.05 0.04 0.03 0.02 0.01
0.35 0.2 0.08 0.07 0.09 0.06 0.05 0.04 0.03 0.02 0.01
0.45 0.1 0.09 0.08 0.07 0.06 0.05 0.04 0.03 0.02 0.01
0.35 0.16 0.08 0.07 0.13 0.06 0.05 0.04 0.03 0.02 0.01
0.07 0.08 0.1 0.42 0.12 0.06 0.05 0.04 0.03 0.02 0.01
0.34 0.21 0.09 0.08 0.07 0.06 0.05 0.04 0.03 0.02 0.01
0.45 0.1 0.09 0.08 0.07 0.06 0.05 0.04 0.03 0.02 0.01
0.45 0.1 0.09 0.08 0.07 0.06 0.05 0.04 0.03 0.02 0.01
0.45 0.1 0.09 0.08 0.07 0.06 0.05 0.04 0.03 0.02 0.01
0.45 0.1 0.09 0.08 0.07 0.06 0.05 0.04 0.03 0.02 0.01
0.45 0.1 0.09 0.08 0.07 0.06 0.05 0.04 0.03 0.02 0.01
0.45 0.1 0.09 0.08 0.07 0.06 0.05 0.04 0.03 0.02 0.01
0.45 0.1 0.09 0.08 0.07 0.06 0.05 0.04 0.03 0.02 0.01
0.34 0.21 0.09 0.08 0.07 0.06 0.05 0.04 0.03 0.02 0.01
0.45 0.1 0.09 0.08 0.07 0.06 0.05 0.04 0.03 0.02 0.01
0.07 0.08 0.1 0.42 0.12 0.06 0.05 0.04 0.03 0.02 0.01
0.45 0.1 0.09 0.08 0.07 0.06 0.05 0.04 0.03 0.02 0.01
0.45 0.1 0.09 0.08 0.07 0.06 0.05 0.04 0.03 0.02 0.01
0.45 0.1 0.09 0.08 0.07 0.06 0.05 0.04 0.03 0.02 0.01
0.45 0.1 0.09 0.08 0.07 0.06 0.05 0.04 0.03 0.02 0.01
0.45 0.1 0.09 0.07 0.08 0.06 0.05 0.04 0.03 0.02 0.01
0.35 0.2 0.09 0.08 0.07 0.06 0.05 0.04 0.03 0.02 0.01
0.45 0.1 0.09 0.08 0.07 0.06 0.05 0.04 0.03 0.02 0.01
0.45 0.1 0.09 0.08 0.07 0.06 0.05 0.04 0.03 0.02 0.01
0.45 0.1 0.09 0.08 0.07 0.06 0.05 0.04 0.03 0.02 0.01
0.35 0.09 0.07 0.2 0.08 0.06 0.05 0.04 0.03 0.02 0.01
0.09 0.07 0.38 0.17 0.08 0.06 0.05 0.04 0.03 0.02 0.01
0.45 0.1 0.09 0.08 0.07 0.06 0.05 0.04 0.03 0.02 0.01
0.45 0.1 0.09 0.08 0.07 0.06 0.05 0.04 0.03 0.02 0.01
0.45 0.1 0.09 0.08 0.07 0.06 0.05 0.04 0.03 0.02 0.01
0.45 0.1 0.09 0.08 0.07 0.06 0.05 0.04 0.03 0.02 0.01
0.45 0.1 0.09 0.08 0.07 0.06 0.05 0.04 0.03 0.02 0.01
0.45 0.1 0.09 0.08 0.07 0.06 0.05 0.04 0.03 0.02 0.01
0.45 0.1 0.09 0.08 0.07 0.06 0.05 0.04 0.03 0.02 0.01
0.45 0.1 0.09 0.08 0.07 0.06 0.05 0.04 0.03 0.02 0.01
0.45 0.1 0.09 0.08 0.07 0.06 0.05 0.04 0.03 0.02 0.01
0.45 0.09 0.1 0.08 0.07 0.06 0.05 0.04 0.03 0.02 0.01
0.07 0.08 0.1 0.42 0.12 0.06 0.05 0.04 0.03 0.02 0.01
0.45 0.1 0.09 0.08 0.07 0.06 0.05 0.04 0.03 0.02 0.01
0.45 0.1 0.09 0.08 0.07 0.06 0.05 0.04 0.03 0.02 0.01
0.45 0.1 0.09 0.08 0.07 0.06 0.05 0.04 0.03 0.02 0.01
0.45 0.1 0.09 0.08 0.07 0.06 0.05 0.04 0.03 0.02 0.01
0.45 0.1 0.09 0.08 0.07 0.06 0.05 0.04 0.03 0.02 0.01
0.45 0.1 0.09 0.08 0.07 0.06 0.05 0.04 0.03 0.02 0.01
0.45 0.1 0.09 0.08 0.07 0.06 0.05 0.04 0.03 0.02 0.01
0.35 0.2 0.09 0.08 0.07 0.06 0.05 0.04 0.03 0.02 0.01
0.35 0.2 0.09 0.08 0.07 0.06 0.05 0.04 0.03 0.02 0.01
0.45 0.1 0.09 0.08 0.07 0.06 0.05 0.04 0.03 0.02 0.01
0.07 0.08 0.09 0.43 0.12 0.06 0.05 0.04 0.03 0.02 0.01
0.45 0.1 0.09 0.08 0.07 0.06 0.05 0.04 0.03 0.02 0.01
0.45 0.1 0.09 0.08 0.07 0.06 0.05 0.04 0.03 0.02 0.01
0.45 0.1 0.09 0.08 0.07 0.06 0.05 0.04 0.03 0.02 0.01
0.45 0.1 0.09 0.08 0.07 0.06 0.05 0.04 0.03 0.02 0.01
0.45 0.1 0.09 0.08 0.07 0.06 0.05 0.04 0.03 0.02 0.01
0.45 0.1 0.09 0.08 0.07 0.06 0.05 0.04 0.03 0.02 0.01
0.35 0.2 0.09 0.08 0.07 0.06 0.05 0.04 0.03 0.02 0.01
0.34 0.21 0.09 0.08 0.07 0.06 0.05 0.04 0.03 0.02 0.01
0.45 0.1 0.09 0.08 0.07 0.06 0.05 0.04 0.03 0.02 0.01
0.23 0.32 0.09 0.08 0.07 0.06 0.05 0.04 0.03 0.02 0.01
0.07 0.08 0.11 0.41 0.12 0.06 0.05 0.04 0.03 0.02 0.01
0.45 0.1 0.09 0.08 0.07 0.06 0.05 0.04 0.03 0.02 0.01
0.45 0.1 0.09 0.08 0.07 0.06 0.05 0.04 0.03 0.02 0.01
0.45 0.1 0.09 0.08 0.07 0.06 0.05 0.04 0.03 0.02 0.01
0.45 0.09 0.1 0.08 0.07 0.06 0.05 0.04 0.03 0.02 0.01
0.45 0.1 0.09 0.08 0.07 0.06 0.05 0.04 0.03 0.02 0.01
0.45 0.1 0.09 0.08 0.07 0.06 0.05 0.04 0.03 0.02 0.01
0.45 0.1 0.09 0.08 0.07 0.06 0.05 0.04 0.03 0.02 0.01
0.45 0.1 0.09 0.08 0.07 0.06 0.05 0.04 0.03 0.02 0.01
0.45 0.1 0.09 0.08 0.07 0.06 0.05 0.04 0.03 0.02 0.01
0.2 0.35 0.09 0.08 0.07 0.06 0.05 0.04 0.03 0.02 0.01
0.07 0.08 0.1 0.42 0.12 0.06 0.05 0.04 0.03 0.02 0.01
0.45 0.1 0.09 0.08 0.07 0.06 0.05 0.04 0.03 0.02 0.01
0.45 0.1 0.09 0.08 0.07 0.06 0.05 0.04 0.03 0.02 0.01
0.45 0.1 0.09 0.08 0.07 0.06 0.05 0.04 0.03 0.02 0.01
0.45 0.1 0.09 0.08 0.07 0.06 0.05 0.04 0.03 0.02 0.01
0.45 0.1 0.09 0.08 0.07 0.06 0.05 0.04 0.03 0.02 0.01
0.45 0.1 0.09 0.08 0.07 0.06 0.05 0.04 0.03 0.02 0.01
0.45 0.1 0.09 0.08 0.07 0.06 0.05 0.04 0.03 0.02 0.01
0.45 0.1 0.09 0.08 0.07 0.06 0.05 0.04 0.03 0.02 0.01
0.45 0.1 0.08 0.07 0.09 0.06 0.05 0.04 0.03 0.02 0.01
0.35 0.18 0.11 0.08 0.07 0.06 0.05 0.04 0.03 0.02 0.01
0.07 0.08 0.1 0.42 0.12 0.06 0.05 0.04 0.03 0.02 0.01
0.45 0.09 0.1 0.08 0.07 0.06 0.05 0.04 0.03 0.02 0.01
0.35 0.2 0.09 0.08 0.07 0.06 0.05 0.04 0.03 0.02 0.01
0.45 0.1 0.09 0.08 0.07 0.06 0.05 0.04 0.03 0.02 0.01
0.45 0.1 0.09 0.08 0.07 0.06 0.05 0.04 0.03 0.02 0.01
0.45 0.1 0.09 0.08 0.07 0.06 0.05 0.04 0.03 0.02 0.01
0.45 0.1 0.09 0.08 0.07 0.06 0.05 0.04 0.03 0.02 0.01
0.45 0.1 0.09 0.08 0.07 0.06 0.05 0.04 0.03 0.02 0.01
0.35 0.2 0.09 0.08 0.07 0.06 0.05 0.04 0.03 0.02 0.01
0.45 0.1 0.09 0.08 0.07 0.06 0.05 0.04 0.03 0.02 0.01
0.23 0.32 0.09 0.08 0.07 0.06 0.05 0.04 0.03 0.02 0.01
0.07 0.08 0.1 0.42 0.12 0.06 0.05 0.04 0.03 0.02 0.01
0.45 0.1 0.08 0.09 0.07 0.06 0.05 0.04 0.03 0.02 0.01
0.45 0.1 0.09 0.08 0.07 0.06 0.05 0.04 0.03 0.02 0.01
0.35 0.2 0.09 0.08 0.07 0.06 0.05 0.04 0.03 0.02 0.01
0.45 0.1 0.09 0.08 0.07 0.06 0.05 0.04 0.03 0.02 0.01
0.45 0.1 0.09 0.08 0.07 0.06 0.05 0.04 0.03 0.02 0.01
0.45 0.1 0.09 0.08 0.07 0.06 0.05 0.04 0.03 0.02 0.01
0.45 0.1 0.09 0.08 0.07 0.06 0.05 0.04 0.03 0.02 0.01
0.45 0.1 0.09 0.08 0.07 0.06 0.05 0.04 0.03 0.02 0.01
0.35 0.2 0.09 0.08 0.07 0.06 0.05 0.04 0.03 0.02 0.01
0.45 0.1 0.09 0.08 0.07 0.06 0.05 0.04 0.03 0.02 0.01
0.07 0.08 0.11 0.41 0.12 0.06 0.05 0.04 0.03 0.02 0.01
0.45 0.1 0.09 0.08 0.07 0.06 0.05 0.04 0.03 0.02 0.01
0.45 0.1 0.09 0.08 0.07 0.06 0.05 0.04 0.03 0.02 0.01
0.45 0.1 0.09 0.08 0.07 0.06 0.05 0.04 0.03 0.02 0.01
0.35 0.2 0.09 0.08 0.07 0.06 0.05 0.04 0.03 0.02 0.01
0.45 0.09 0.1 0.08 0.07 0.06 0.05 0.04 0.03 0.02 0.01
0.45 0.1 0.09 0.08 0.07 0.06 0.05 0.04 0.03 0.02 0.01
0.35 0.2 0.09 0.08 0.07 0.06 0.05 0.04 0.03 0.02 0.01
0.45 0.1 0.09 0.08 0.07 0.06 0.05 0.04 0.03 0.02 0.01
0.35 0.2 0.09 0.08 0.07 0.06 0.05 0.04 0.03 0.02 0.01
0.35 0.2 0.09 0.08 0.07 0.06 0.05 0.04 0.03 0.02 0.01
0.07 0.08 0.11 0.41 0.12 0.06 0.05 0.04 0.03 0.02 0.01
0.45 0.1 0.09 0.08 0.07 0.06 0.05 0.04 0.03 0.02 0.01
0.45 0.1 0.08 0.07 0.09 0.06 0.05 0.04 0.03 0.02 0.01
0.45 0.1 0.09 0.08 0.07 0.06 0.05 0.04 0.03 0.02 0.01
0.45 0.1 0.09 0.08 0.07 0.06 0.05 0.04 0.03 0.02 0.01
0.45 0.1 0.09 0.08 0.07 0.06 0.05 0.04 0.03 0.02 0.01
0.45 0.1 0.09 0.08 0.07 0.06 0.05 0.04 0.03 0.02 0.01
0.45 0.1 0.09 0.08 0.07 0.06 0.05 0.04 0.03 0.02 0.01
0.45 0.1 0.09 0.08 0.07 0.06 0.05 0.04 0.03 0.02 0.01
0.35 0.2 0.09 0.08 0.07 0.06 0.05 0.04 0.03 0.02 0.01
0.35 0.2 0.09 0.08 0.07 0.06 0.05 0.04 0.03 0.02 0.01
0.07 0.08 0.1 0.42 0.12 0.06 0.05 0.04 0.03 0.02 0.01
0.45 0.1 0.09 0.08 0.07 0.06 0.05 0.04 0.03 0.02 0.01
0.45 0.09 0.08 0.1 0.07 0.06 0.05 0.04 0.03 0.02 0.01
0.35 0.2 0.09 0.08 0.07 0.06 0.05 0.04 0.03 0.02 0.01
0.45 0.1 0.09 0.08 0.07 0.06 0.05 0.04 0.03 0.02 0.01
0.45 0.1 0.09 0.08 0.07 0.06 0.05 0.04 0.03 0.02 0.01
0.45 0.1 0.09 0.08 0.07 0.06 0.05 0.04 0.03 0.02 0.01
0.45 0.1 0.09 0.08 0.07 0.06 0.05 0.04 0.03 0.02 0.01
0.35 0.09 0.07 0.2 0.08 0.06 0.05 0.04 0.03 0.02 0.01
0.45 0.1 0.09 0.08 0.07 0.06 0.05 0.04 0.03 0.02 0.01
0.45 0.1 0.09 0.07 0.08 0.06 0.05 0.04 0.03 0.02 0.01
0.07 0.08 0.1 0.42 0.12 0.06 0.05 0.04 0.03 0.02 0.01
0.45 0.1 0.09 0.08 0.07 0.06 0.05 0.04 0.03 0.02 0.01
0.45 0.1 0.09 0.08 0.07 0.06 0.05 0.04 0.03 0.02 0.01
0.45 0.1 0.09 0.08 0.07 0.06 0.05 0.04 0.03 0.02 0.01
0.45 0.1 0.09 0.08 0.07 0.06 0.05 0.04 0.03 0.02 0.01
0.45 0.1 0.09 0.08 0.07 0.06 0.05 0.04 0.03 0.02 0.01
0.45 0.1 0.09 0.08 0.07 0.06 0.05 0.04 0.03 0.02 0.01
0.45 0.1 0.09 0.08 0.07 0.06 0.05 0.04 0.03 0.02 0.01
0.45 0.1 0.09 0.08 0.07 0.06 0.05 0.04 0.03 0.02 0.01
0.34 0.21 0.09 0.08 0.07 0.06 0.05 0.04 0.03 0.02 0.01
0.35 0.09 0.2 0.08 0.07 0.06 0.05 0.04 0.03 0.02 0.01
0.07 0.08 0.1 0.42 0.12 0.06 0.05 0.04 0.03 0.02 0.01
0.45 0.1 0.09 0.08 0.07 0.06 0.05 0.04 0.03 0.02 0.01
0.35 0.2 0.09 0.08 0.07 0.06 0.05 0.04 0.03 0.02 0.01
0.45 0.1 0.09 0.08 0.07 0.06 0.05 0.04 0.03 0.02 0.01
0.45 0.1 0.09 0.08 0.07 0.06 0.05 0.04 0.03 0.02 0.01
0.45 0.1 0.09 0.08 0.07 0.06 0.05 0.04 0.03 0.02 0.01
0.45 0.1 0.09 0.08 0.07 0.06 0.05 0.04 0.03 0.02 0.01
0.45 0.1 0.09 0.08 0.07 0.06 0.05 0.04 0.03 0.02 0.01
0.45 0.1 0.09 0.08 0.07 0.06 0.05 0.04 0.03 0.02 0.01
0.35 0.2 0.09 0.08 0.07 0.06 0.05 0.04 0.03 0.02 0.01
0.23 0.32 0.09 0.08 0.07 0.06 0.05 0.04 0.03 0.02 0.01
0.07 0.08 0.09 0.43 0.12 0.06 0.05 0.04 0.03 0.02 0.01
0.45 0.1 0.09 0.08 0.07 0.06 0.05 0.04 0.03 0.02 0.01
0.35 0.2 0.09 0.08 0.07 0.06 0.05 0.04 0.03 0.02 0.01
0.45 0.1 0.09 0.08 0.07 0.06 0.05 0.04 0.03 0.02 0.01
0.35 0.2 0.09 0.08 0.07 0.06 0.05 0.04 0.03 0.02 0.01
0.45 0.1 0.09 0.08 0.07 0.06 0.05 0.04 0.03 0.02 0.01
0.45 0.1 0.09 0.08 0.07 0.06 0.05 0.04 0.03 0.02 0.01
0.45 0.1 0.09 0.08 0.07 0.06 0.05 0.04 0.03 0.02 0.01
0.45 0.1 0.09 0.08 0.07 0.06 0.05 0.04 0.03 0.02 0.01
0.45 0.1 0.09 0.08 0.07 0.06 0.05 0.04 0.03 0.02 0.01
0.45 0.1 0.09 0.08 0.07 0.06 0.05 0.04 0.03 0.02 0.01
0.07 0.08 0.1 0.42 0.12 0.06 0.05 0.04 0.03 0.02 0.01
0.45 0.1 0.09 0.08 0.07 0.06 0.05 0.04 0.03 0.02 0.01
0.45 0.1 0.08 0.07 0.09 0.06 0.05 0.04 0.03 0.02 0.01
0.45 0.1 0.09 0.08 0.07 0.06 0.05 0.04 0.03 0.02 0.01
0.45 0.1 0.09 0.08 0.07 0.06 0.05 0.04 0.03 0.02 0.01
0.45 0.1 0.09 0.08 0.07 0.06 0.05 0.04 0.03 0.02 0.01
0.34 0.21 0.09 0.08 0.07 0.06 0.05 0.04 0.03 0.02 0.01
0.45 0.1 0.09 0.08 0.07 0.06 0.05 0.04 0.03 0.02 0.01
0.45 0.1 0.08 0.07 0.09 0.06 0.05 0.04 0.03 0.02 0.01
0.45 0.1 0.09 0.08 0.07 0.06 0.05 0.04 0.03 0.02 0.01
0.45 0.1 0.09 0.08 0.07 0.06 0.05 0.04 0.03 0.02 0.01
0.07 0.08 0.1 0.42 0.12 0.06 0.05 0.04 0.03 0.02 0.01
0.45 0.1 0.09 0.08 0.07 0.06 0.05 0.04 0.03 0.02 0.01
0.45 0.1 0.09 0.08 0.07 0.06 0.05 0.04 0.03 0.02 0.01
0.45 0.1 0.09 0.08 0.07 0.06 0.05 0.04 0.03 0.02 0.01
0.45 0.09 0.08 0.1 0.07 0.06 0.05 0.04 0.03 0.02 0.01
0.45 0.1 0.09 0.08 0.07 0.06 0.05 0.04 0.03 0.02 0.01
0.45 0.1 0.09 0.08 0.07 0.06 0.05 0.04 0.03 0.02 0.01
0.45 0.1 0.09 0.08 0.07 0.06 0.05 0.04 0.03 0.02 0.01
0.35 0.2 0.09 0.08 0.07 0.06 0.05 0.04 0.03 0.02 0.01
0.45 0.1 0.09 0.08 0.07 0.06 0.05 0.04 0.03 0.02 0.01
0.35 0.16 0.08 0.07 0.13 0.06 0.05 0.04 0.03 0.02 0.01
0.07 0.08 0.09 0.43 0.12 0.06 0.05 0.04 0.03 0.02 0.01
0.45 0.1 0.09 0.08 0.07 0.06 0.05 0.04 0.03 0.02 0.01
0.45 0.1 0.09 0.08 0.07 0.06 0.05 0.04 0.03 0.02 0.01
0.45 0.1 0.09 0.08 0.07 0.06 0.05 0.04 0.03 0.02 0.01
0.45 0.1 0.09 0.08 0.07 0.06 0.05 0.04 0.03 0.02 0.01
0.45 0.1 0.09 0.08 0.07 0.06 0.05 0.04 0.03 0.02 0.01
0.45 0.1 0.09 0.08 0.07 0.06 0.05 0.04 0.03 0.02 0.01
0.45 0.1 0.08 0.07 0.09 0.06 0.05 0.04 0.03 0.02 0.01
0.45 0.09 0.1 0.08 0.07 0.06 0.05 0.04 0.03 0.02 0.01
0.45 0.1 0.09 0.08 0.07 0.06 0.05 0.04 0.03 0.02 0.01
0.13 0.25 0.23 0.11 0.07 0.06 0.05 0.04 0.03 0.02 0.01
0.07 0.08 0.1 0.42 0.12 0.06 0.05 0.04 0.03 0.02 0.01
0.45 0.1 0.09 0.08 0.07 0.06 0.05 0.04 0.03 0.02 0.01
0.45 0.1 0.09 0.08 0.07 0.06 0.05 0.04 0.03 0.02 0.01
0.45 0.1 0.08 0.07 0.09 0.06 0.05 0.04 0.03 0.02 0.01
0.35 0.09 0.07 0.2 0.08 0.06 0.05 0.04 0.03 0.02 0.01
0.45 0.1 0.09 0.08 0.07 0.06 0.05 0.04 0.03 0.02 0.01
0.45 0.1 0.09 0.08 0.07 0.06 0.05 0.04 0.03 0.02 0.01
0.45 0.1 0.09 0.08 0.07 0.06 0.05 0.04 0.03 0.02 0.01
0.45 0.1 0.09 0.08 0.07 0.06 0.05 0.04 0.03 0.02 0.01
0.35 0.2 0.09 0.08 0.07 0.06 0.05 0.04 0.03 0.02 0.01
0.45 0.1 0.09 0.08 0.07 0.06 0.05 0.04 0.03 0.02 0.01
0.07 0.08 0.11 0.41 0.12 0.06 0.05 0.04 0.03 0.02 0.01
0.45 0.1 0.09 0.08 0.07 0.06 0.05 0.04 0.03 0.02 0.01
0.45 0.1 0.09 0.08 0.07 0.06 0.05 0.04 0.03 0.02 0.01
0.45 0.1 0.09 0.08 0.07 0.06 0.05 0.04 0.03 0.02 0.01
0.35 0.19 0.1 0.08 0.07 0.06 0.05 0.04 0.03 0.02 0.01
0.35 0.2 0.09 0.08 0.07 0.06 0.05 0.04 0.03 0.02 0.01
0.45 0.1 0.09 0.08 0.07 0.06 0.05 0.04 0.03 0.02 0.01
0.35 0.2 0.09 0.08 0.07 0.06 0.05 0.04 0.03 0.02 0.01
0.35 0.2 0.09 0.08 0.07 0.06 0.05 0.04 0.03 0.02 0.01
0.34 0.21 0.09 0.08 0.07 0.06 0.05 0.04 0.03 0.02 0.01
0.35 0.2 0.09 0.08 0.07 0.06 0.05 0.04 0.03 0.02 0.01
0.07 0.08 0.1 0.42 0.12 0.06 0.05 0.04 0.03 0.02 0.01
0.45 0.1 0.09 0.08 0.07 0.06 0.05 0.04 0.03 0.02 0.01
0.45 0.1 0.09 0.08 0.07 0.06 0.05 0.04 0.03 0.02 0.01
0.45 0.1 0.09 0.08 0.07 0.06 0.05 0.04 0.03 0.02 0.01
0.45 0.1 0.09 0.08 0.07 0.06 0.05 0.04 0.03 0.02 0.01
0.45 0.1 0.09 0.08 0.07 0.06 0.05 0.04 0.03 0.02 0.01
0.45 0.1 0.09 0.08 0.07 0.06 0.05 0.04 0.03 0.02 0.01
0.45 0.1 0.09 0.08 0.07 0.06 0.05 0.04 0.03 0.02 0.01
0.45 0.1 0.09 0.08 0.07 0.06 0.05 0.04 0.03 0.02 0.01
0.45 0.1 0.09 0.08 0.07 0.06 0.05 0.04 0.03 0.02 0.01
0.35 0.2 0.09 0.08 0.07 0.06 0.05 0.04 0.03 0.02 0.01
0.07 0.08 0.1 0.42 0.12 0.06 0.05 0.04 0.03 0.02 0.01
0.45 0.1 0.09 0.08 0.07 0.06 0.05 0.04 0.03 0.02 0.01
0.45 0.1 0.08 0.09 0.07 0.06 0.05 0.04 0.03 0.02 0.01
0.45 0.1 0.09 0.08 0.07 0.06 0.05 0.04 0.03 0.02 0.01
0.35 0.18 0.11 0.08 0.07 0.06 0.05 0.04 0.03 0.02 0.01
0.45 0.1 0.09 0.08 0.07 0.06 0.05 0.04 0.03 0.02 0.01
0.45 0.1 0.08 0.07 0.09 0.06 0.05 0.04 0.03 0.02 0.01
0.45 0.1 0.09 0.08 0.07 0.06 0.05 0.04 0.03 0.02 0.01
0.35 0.2 0.09 0.08 0.07 0.06 0.05 0.04 0.03 0.02 0.01
0.45 0.1 0.09 0.08 0.07 0.06 0.05 0.04 0.03 0.02 0.01
0.45 0.1 0.09 0.08 0.07 0.06 0.05 0.04 0.03 0.02 0.01
0.07 0.08 0.09 0.43 0.12 0.06 0.05 0.04 0.03 0.02 0.01
0.35 0.2 0.09 0.08 0.07 0.06 0.05 0.04 0.03 0.02 0.01
0.45 0.1 0.09 0.08 0.07 0.06 0.05 0.04 0.03 0.02 0.01
0.45 0.1 0.09 0.08 0.07 0.06 0.05 0.04 0.03 0.02 0.01
0.45 0.1 0.09 0.08 0.07 0.06 0.05 0.04 0.03 0.02 0.01
0.35 0.2 0.09 0.08 0.07 0.06 0.05 0.04 0.03 0.02 0.01
0.35 0.2 0.09 0.08 0.07 0.06 0.05 0.04 0.03 0.02 0.01
0.45 0.1 0.09 0.08 0.07 0.06 0.05 0.04 0.03 0.02 0.01
0.45 0.1 0.09 0.08 0.07 0.06 0.05 0.04 0.03 0.02 0.01
0.45 0.1 0.09 0.08 0.07 0.06 0.05 0.04 0.03 0.02 0.01
0.45 0.1 0.09 0.08 0.07 0.06 0.05 0.04 0.03 0.02 0.01
0.08 0.07 0.1 0.42 0.12 0.06 0.05 0.04 0.03 0.02 0.01
0.45 0.1 0.09 0.08 0.07 0.06 0.05 0.04 0.03 0.02 0.01
0.45 0.09 0.08 0.1 0.07 0.06 0.05 0.04 0.03 0.02 0.01
0.35 0.2 0.09 0.08 0.07 0.06 0.05 0.04 0.03 0.02 0.01
0.45 0.1 0.09 0.08 0.07 0.06 0.05 0.04 0.03 0.02 0.01
0.45 0.1 0.09 0.08 0.07 0.06 0.05 0.04 0.03 0.02 0.01
0.45 0.1 0.09 0.08 0.07 0.06 0.05 0.04 0.03 0.02 0.01
0.45 0.1 0.09 0.08 0.07 0.06 0.05 0.04 0.03 0.02 0.01
0.35 0.2 0.09 0.08 0.07 0.06 0.05 0.04 0.03 0.02 0.01
0.13 0.25 0.23 0.11 0.07 0.06 0.05 0.04 0.03 0.02 0.01
0.45 0.1 0.09 0.08 0.07 0.06 0.05 0.04 0.03 0.02 0.01
0.07 0.08 0.1 0.42 0.12 0.06 0.05 0.04 0.03 0.02 0.01
0.45 0.1 0.09 0.08 0.07 0.06 0.05 0.04 0.03 0.02 0.01
0.45 0.1 0.09 0.07 0.08 0.06 0.05 0.04 0.03 0.02 0.01
0.45 0.1 0.09 0.08 0.07 0.06 0.05 0.04 0.03 0.02 0.01
0.45 0.1 0.09 0.08 0.07 0.06 0.05 0.04 0.03 0.02 0.01
0.45 0.1 0.09 0.08 0.07 0.06 0.05 0.04 0.03 0.02 0.01
0.35 0.2 0.09 0.08 0.07 0.06 0.05 0.04 0.03 0.02 0.01
0.45 0.1 0.09 0.08 0.07 0.06 0.05 0.04 0.03 0.02 0.01
0.45 0.1 0.09 0.08 0.07 0.06 0.05 0.04 0.03 0.02 0.01
0.45 0.1 0.09 0.08 0.07 0.06 0.05 0.04 0.03 0.02 0.01
0.34 0.21 0.09 0.08 0.07 0.06 0.05 0.04 0.03 0.02 0.01
0.07 0.08 0.1 0.42 0.12 0.06 0.05 0.04 0.03 0.02 0.01
0.45 0.1 0.09 0.08 0.07 0.06 0.05 0.04 0.03 0.02 0.01
0.45 0.1 0.09 0.08 0.07 0.06 0.05 0.04 0.03 0.02 0.01
0.45 0.1 0.09 0.08 0.07 0.06 0.05 0.04 0.03 0.02 0.01
0.45 0.1 0.09 0.08 0.07 0.06 0.05 0.04 0.03 0.02 0.01
0.45 0.1 0.09 0.08 0.07 0.06 0.05 0.04 0.03 0.02 0.01
0.45 0.1 0.09 0.08 0.07 0.06 0.05 0.04 0.03 0.02 0.01
0.35 0.2 0.09 0.08 0.07 0.06 0.05 0.04 0.03 0.02 0.01
0.2 0.35 0.09 0.08 0.07 0.06 0.05 0.04 0.03 0.02 0.01
0.45 0.1 0.09 0.08 0.07 0.06 0.05 0.04 0.03 0.02 0.01
0.35 0.2 0.09 0.08 0.07 0.06 0.05 0.04 0.03 0.02 0.01
0.07 0.08 0.09 0.43 0.12 0.06 0.05 0.04 0.03 0.02 0.01
0.35 0.16 0.08 0.07 0.13 0.06 0.05 0.04 0.03 0.02 0.01
0.45 0.1 0.08 0.07 0.09 0.06 0.05 0.04 0.03 0.02 0.01
0.45 0.1 0.09 0.08 0.07 0.06 0.05 0.04 0.03 0.02 0.01
0.45 0.1 0.09 0.08 0.07 0.06 0.05 0.04 0.03 0.02 0.01
0.35 0.2 0.09 0.08 0.07 0.06 0.05 0.04 0.03 0.02 0.01
0.45 0.1 0.09 0.08 0.07 0.06 0.05 0.04 0.03 0.02 0.01
0.45 0.1 0.09 0.08 0.07 0.06 0.05 0.04 0.03 0.02 0.01
0.35 0.2 0.09 0.08 0.07 0.06 0.05 0.04 0.03 0.02 0.01
0.2 0.35 0.09 0.08 0.07 0.06 0.05 0.04 0.03 0.02 0.01
0.45 0.1 0.09 0.08 0.07 0.06 0.05 0.04 0.03 0.02 0.01
0.07 0.08 0.11 0.41 0.12 0.06 0.05 0.04 0.03 0.02 0.01
0.45 0.1 0.09 0.08 0.07 0.06 0.05 0.04 0.03 0.02 0.01
0.45 0.1 0.09 0.08 0.07 0.06 0.05 0.04 0.03 0.02 0.01
0.35 0.2 0.09 0.08 0.07 0.06 0.05 0.04 0.03 0.02 0.01
0.45 0.1 0.09 0.08 0.07 0.06 0.05 0.04 0.03 0.02 0.01
0.45 0.1 0.09 0.08 0.07 0.06 0.05 0.04 0.03 0.02 0.01
0.45 0.1 0.09 0.08 0.07 0.06 0.05 0.04 0.03 0.02 0.01
0.45 0.1 0.09 0.08 0.07 0.06 0.05 0.04 0.03 0.02 0.01
0.45 0.1 0.09 0.08 0.07 0.06 0.05 0.04 0.03 0.02 0.01
0.45 0.1 0.09 0.08 0.07 0.06 0.05 0.04 0.03 0.02 0.01
0.45 0.1 0.09 0.08 0.07 0.06 0.05 0.04 0.03 0.02 0.01
0.07 0.08 0.1 0.42 0.12 0.06 0.05 0.04 0.03 0.02 0.01
0.45 0.1 0.09 0.08 0.07 0.06 0.05 0.04 0.03 0.02 0.01
0.45 0.1 0.09 0.08 0.07 0.06 0.05 0.04 0.03 0.02 0.01
0.45 0.1 0.09 0.08 0.07 0.06 0.05 0.04 0.03 0.02 0.01
0.45 0.1 0.09 0.08 0.07 0.06 0.05 0.04 0.03 0.02 0.01
0.35 0.2 0.08 0.09 0.07 0.06 0.05 0.04 0.03 0.02 0.01
0.45 0.1 0.09 0.08 0.07 0.06 0.05 0.04 0.03 0.02 0.01
0.45 0.1 0.09 0.08 0.07 0.06 0.05 0.04 0.03 0.02 0.01
0.45 0.1 0.09 0.08 0.07 0.06 0.05 0.04 0.03 0.02 0.01
0.45 0.1 0.09 0.08 0.07 0.06 0.05 0.04 0.03 0.02 0.01
0.45 0.1 0.09 0.08 0.07 0.06 0.05 0.04 0.03 0.02 0.01
0.07 0.08 0.09 0.43 0.12 0.06 0.05 0.04 0.03 0.02 0.01
0.35 0.2 0.09 0.08 0.07 0.06 0.05 0.04 0.03 0.02 0.01
0.45 0.1 0.09 0.08 0.07 0.06 0.05 0.04 0.03 0.02 0.01
0.45 0.1 0.09 0.08 0.07 0.06 0.05 0.04 0.03 0.02 0.01
0.45 0.1 0.09 0.08 0.07 0.06 0.05 0.04 0.03 0.02 0.01
0.45 0.1 0.09 0.08 0.07 0.06 0.05 0.04 0.03 0.02 0.01
0.45 0.1 0.09 0.08 0.07 0.06 0.05 0.04 0.03 0.02 0.01
0.45 0.1 0.09 0.08 0.07 0.06 0.05 0.04 0.03 0.02 0.01
0.45 0.1 0.09 0.08 0.07 0.06 0.05 0.04 0.03 0.02 0.01
0.45 0.1 0.09 0.08 0.07 0.06 0.05 0.04 0.03 0.02 0.01
0.12 0.25 0.21 0.14 0.07 0.06 0.05 0.04 0.03 0.02 0.01
0.07 0.08 0.1 0.42 0.12 0.06 0.05 0.04 0.03 0.02 0.01
0.45 0.1 0.09 0.08 0.07 0.06 0.05 0.04 0.03 0.02 0.01
0.45 0.09 0.08 0.1 0.07 0.06 0.05 0.04 0.03 0.02 0.01
0.34 0.21 0.09 0.08 0.07 0.06 0.05 0.04 0.03 0.02 0.01
0.35 0.2 0.09 0.08 0.07 0.06 0.05 0.04 0.03 0.02 0.01
0.45 0.1 0.09 0.08 0.07 0.06 0.05 0.04 0.03 0.02 0.01
0.45 0.1 0.09 0.08 0.07 0.06 0.05 0.04 0.03 0.02 0.01
0.45 0.09 0.08 0.1 0.07 0.06 0.05 0.04 0.03 0.02 0.01
0.34 0.21 0.09 0.08 0.07 0.06 0.05 0.04 0.03 0.02 0.01
0.45 0.1 0.09 0.08 0.07 0.06 0.05 0.04 0.03 0.02 0.01
0.35 0.2 0.09 0.08 0.07 0.06 0.05 0.04 0.03 0.02 0.01
0.07 0.11 0.08 0.41 0.12 0.06 0.05 0.04 0.03 0.02 0.01
0.45 0.1 0.09 0.08 0.07 0.06 0.05 0.04 0.03 0.02 0.01
0.45 0.1 0.09 0.08 0.07 0.06 0.05 0.04 0.03 0.02 0.01
0.45 0.1 0.09 0.08 0.07 0.06 0.05 0.04 0.03 0.02 0.01
0.35 0.2 0.09 0.08 0.07 0.06 0.05 0.04 0.03 0.02 0.01
0.45 0.1 0.09 0.08 0.07 0.06 0.05 0.04 0.03 0.02 0.01
0.45 0.1 0.09 0.08 0.07 0.06 0.05 0.04 0.03 0.02 0.01
0.45 0.1 0.09 0.08 0.07 0.06 0.05 0.04 0.03 0.02 0.01
0.45 0.1 0.09 0.08 0.07 0.06 0.05 0.04 0.03 0.02 0.01
0.45 0.1 0.09 0.08 0.07 0.06 0.05 0.04 0.03 0.02 0.01
0.35 0.2 0.09 0.08 0.07 0.06 0.05 0.04 0.03 0.02 0.01
0.07 0.08 0.1 0.42 0.12 0.06 0.05 0.04 0.03 0.02 0.01
0.35 0.2 0.09 0.08 0.07 0.06 0.05 0.04 0.03 0.02 0.01
0.45 0.1 0.09 0.08 0.07 0.06 0.05 0.04 0.03 0.02 0.01
0.45 0.1 0.09 0.08 0.07 0.06 0.05 0.04 0.03 0.02 0.01
0.45 0.1 0.09 0.08 0.07 0.06 0.05 0.04 0.03 0.02 0.01
0.45 0.1 0.09 0.08 0.07 0.06 0.05 0.04 0.03 0.02 0.01
0.45 0.1 0.09 0.08 0.07 0.06 0.05 0.04 0.03 0.02 0.01
0.35 0.2 0.09 0.08 0.07 0.06 0.05 0.04 0.03 0.02 0.01
0.45 0.1 0.09 0.08 0.07 0.06 0.05 0.04 0.03 0.02 0.01
0.35 0.2 0.09 0.08 0.07 0.06 0.05 0.04 0.03 0.02 0.01
0.45 0.1 0.09 0.08 0.07 0.06 0.05 0.04 0.03 0.02 0.01
0.07 0.08 0.1 0.42 0.12 0.06 0.05 0.04 0.03 0.02 0.01
0.45 0.1 0.09 0.08 0.07 0.06 0.05 0.04 0.03 0.02 0.01
0.45 0.1 0.09 0.08 0.07 0.06 0.05 0.04 0.03 0.02 0.01
0.35 0.2 0.09 0.08 0.07 0.06 0.05 0.04 0.03 0.02 0.01
0.35 0.2 0.09 0.08 0.07 0.06 0.05 0.04 0.03 0.02 0.01
0.45 0.1 0.09 0.08 0.07 0.06 0.05 0.04 0.03 0.02 0.01
0.45 0.09 0.1 0.08 0.07 0.06 0.05 0.04 0.03 0.02 0.01
0.34 0.21 0.09 0.08 0.07 0.06 0.05 0.04 0.03 0.02 0.01
0.45 0.1 0.09 0.08 0.07 0.06 0.05 0.04 0.03 0.02 0.01
0.35 0.2 0.09 0.08 0.07 0.06 0.05 0.04 0.03 0.02 0.01
0.45 0.1 0.09 0.08 0.07 0.06 0.05 0.04 0.03 0.02 0.01
0.07 0.08 0.11 0.41 0.12 0.06 0.05 0.04 0.03 0.02 0.01
0.45 0.1 0.09 0.08 0.07 0.06 0.05 0.04 0.03 0.02 0.01
0.45 0.1 0.09 0.08 0.07 0.06 0.05 0.04 0.03 0.02 0.01
0.45 0.1 0.09 0.08 0.07 0.06 0.05 0.04 0.03 0.02 0.01
0.35 0.18 0.11 0.08 0.07 0.06 0.05 0.04 0.03 0.02 0.01
0.35 0.2 0.09 0.08 0.07 0.06 0.05 0.04 0.03 0.02 0.01
0.45 0.1 0.09 0.08 0.07 0.06 0.05 0.04 0.03 0.02 0.01
0.35 0.2 0.09 0.08 0.07 0.06 0.05 0.04 0.03 0.02 0.01
0.35 0.2 0.09 0.08 0.07 0.06 0.05 0.04 0.03 0.02 0.01
0.35 0.2 0.09 0.08 0.07 0.06 0.05 0.04 0.03 0.02 0.01
0.14 0.31 0.09 0.18 0.07 0.06 0.05 0.04 0.03 0.02 0.01
0.07 0.08 0.1 0.42 0.12 0.06 0.05 0.04 0.03 0.02 0.01
0.45 0.1 0.09 0.08 0.07 0.06 0.05 0.04 0.03 0.02 0.01
0.45 0.1 0.09 0.08 0.07 0.06 0.05 0.04 0.03 0.02 0.01
0.35 0.2 0.08 0.09 0.07 0.06 0.05 0.04 0.03 0.02 0.01
0.45 0.1 0.09 0.08 0.07 0.06 0.05 0.04 0.03 0.02 0.01
0.35 0.18 0.11 0.08 0.07 0.06 0.05 0.04 0.03 0.02 0.01
0.45 0.1 0.09 0.08 0.07 0.06 0.05 0.04 0.03 0.02 0.01
0.45 0.1 0.09 0.08 0.07 0.06 0.05 0.04 0.03 0.02 0.01
0.45 0.1 0.09 0.08 0.07 0.06 0.05 0.04 0.03 0.02 0.01
0.45 0.1 0.09 0.08 0.07 0.06 0.05 0.04 0.03 0.02 0.01
0.35 0.2 0.09 0.08 0.07 0.06 0.05 0.04 0.03 0.02 0.01
0.07 0.08 0.1 0.42 0.12 0.06 0.05 0.04 0.03 0.02 0.01
0.45 0.1 0.09 0.08 0.07 0.06 0.05 0.04 0.03 0.02 0.01
0.45 0.1 0.09 0.08 0.07 0.06 0.05 0.04 0.03 0.02 0.01
0.45 0.1 0.09 0.08 0.07 0.06 0.05 0.04 0.03 0.02 0.01
0.45 0.09 0.08 0.1 0.07 0.06 0.05 0.04 0.03 0.02 0.01
0.45 0.1 0.09 0.08 0.07 0.06 0.05 0.04 0.03 0.02 0.01
0.45 0.1 0.09 0.08 0.07 0.06 0.05 0.04 0.03 0.02 0.01
0.45 0.1 0.09 0.08 0.07 0.06 0.05 0.04 0.03 0.02 0.01
0.45 0.1 0.09 0.08 0.07 0.06 0.05 0.04 0.03 0.02 0.01
0.45 0.1 0.09 0.08 0.07 0.06 0.05 0.04 0.03 0.02 0.01
0.35 0.2 0.09 0.08 0.07 0.06 0.05 0.04 0.03 0.02 0.01
0.07 0.08 0.11 0.41 0.12 0.06 0.05 0.04 0.03 0.02 0.01
0.45 0.1 0.09 0.08 0.07 0.06 0.05 0.04 0.03 0.02 0.01
0.45 0.1 0.09 0.08 0.07 0.06 0.05 0.04 0.03 0.02 0.01
0.34 0.21 0.09 0.08 0.07 0.06 0.05 0.04 0.03 0.02 0.01
0.45 0.1 0.09 0.08 0.07 0.06 0.05 0.04 0.03 0.02 0.01
0.35 0.2 0.09 0.07 0.08 0.06 0.05 0.04 0.03 0.02 0.01
0.45 0.1 0.09 0.08 0.07 0.06 0.05 0.04 0.03 0.02 0.01
0.35 0.2 0.09 0.08 0.07 0.06 0.05 0.04 0.03 0.02 0.01
0.45 0.1 0.09 0.08 0.07 0.06 0.05 0.04 0.03 0.02 0.01
0.45 0.1 0.09 0.08 0.07 0.06 0.05 0.04 0.03 0.02 0.01
0.35 0.2 0.09 0.08 0.07 0.06 0.05 0.04 0.03 0.02 0.01
0.07 0.08 0.1 0.42 0.12 0.06 0.05 0.04 0.03 0.02 0.01
0.45 0.1 0.09 0.08 0.07 0.06 0.05 0.04 0.03 0.02 0.01
0.45 0.1 0.09 0.08 0.07 0.06 0.05 0.04 0.03 0.02 0.01
0.35 0.2 0.09 0.08 0.07 0.06 0.05 0.04 0.03 0.02 0.01
0.45 0.1 0.09 0.08 0.07 0.06 0.05 0.04 0.03 0.02 0.01
0.45 0.1 0.09 0.08 0.07 0.06 0.05 0.04 0.03 0.02 0.01
0.26 0.07 0.29 0.09 0.08 0.06 0.05 0.04 0.03 0.02 0.01
0.45 0.1 0.08 0.09 0.07 0.06 0.05 0.04 0.03 0.02 0.01
0.35 0.19 0.1 0.08 0.07 0.06 0.05 0.04 0.03 0.02 0.01
0.2 0.35 0.09 0.08 0.07 0.06 0.05 0.04 0.03 0.02 0.01
0.35 0.2 0.09 0.08 0.07 0.06 0.05 0.04 0.03 0.02 0.01
0.07 0.08 0.11 0.41 0.12 0.06 0.05 0.04 0.03 0.02 0.01
0.45 0.1 0.09 0.08 0.07 0.06 0.05 0.04 0.03 0.02 0.01
0.45 0.1 0.09 0.08 0.07 0.06 0.05 0.04 0.03 0.02 0.01
0.45 0.1 0.09 0.08 0.07 0.06 0.05 0.04 0.03 0.02 0.01
0.45 0.1 0.09 0.08 0.07 0.06 0.05 0.04 0.03 0.02 0.01
0.45 0.1 0.09 0.08 0.07 0.06 0.05 0.04 0.03 0.02 0.01
0.35 0.2 0.09 0.08 0.07 0.06 0.05 0.04 0.03 0.02 0.01
0.35 0.2 0.09 0.08 0.07 0.06 0.05 0.04 0.03 0.02 0.01
0.35 0.2 0.09 0.08 0.07 0.06 0.05 0.04 0.03 0.02 0.01
0.45 0.1 0.09 0.08 0.07 0.06 0.05 0.04 0.03 0.02 0.01
0.45 0.1 0.09 0.08 0.07 0.06 0.05 0.04 0.03 0.02 0.01
0.07 0.08 0.09 0.43 0.12 0.06 0.05 0.04 0.03 0.02 0.01
0.45 0.1 0.08 0.09 0.07 0.06 0.05 0.04 0.03 0.02 0.01
0.35 0.2 0.09 0.08 0.07 0.06 0.05 0.04 0.03 0.02 0.01
0.45 0.1 0.09 0.08 0.07 0.06 0.05 0.04 0.03 0.02 0.01
0.35 0.2 0.09 0.08 0.07 0.06 0.05 0.04 0.03 0.02 0.01
0.45 0.1 0.09 0.08 0.07 0.06 0.05 0.04 0.03 0.02 0.01
0.45 0.1 0.09 0.08 0.07 0.06 0.05 0.04 0.03 0.02 0.01
0.45 0.1 0.08 0.09 0.07 0.06 0.05 0.04 0.03 0.02 0.01
0.45 0.1 0.09 0.08 0.07 0.06 0.05 0.04 0.03 0.02 0.01
0.45 0.1 0.09 0.08 0.07 0.06 0.05 0.04 0.03 0.02 0.01
0.45 0.1 0.09 0.08 0.07 0.06 0.05 0.04 0.03 0.02 0.01
0.07 0.08 0.09 0.43 0.12 0.06 0.05 0.04 0.03 0.02 0.01
0.45 0.1 0.09 0.08 0.07 0.06 0.05 0.04 0.03 0.02 0.01
0.45 0.1 0.08 0.07 0.09 0.06 0.05 0.04 0.03 0.02 0.01
0.45 0.1 0.09 0.08 0.07 0.06 0.05 0.04 0.03 0.02 0.01
0.45 0.1 0.09 0.08 0.07 0.06 0.05 0.04 0.03 0.02 0.01
0.45 0.1 0.09 0.08 0.07 0.06 0.05 0.04 0.03 0.02 0.01
0.45 0.1 0.09 0.08 0.07 0.06 0.05 0.04 0.03 0.02 0.01
0.45 0.1 0.09 0.07 0.08 0.06 0.05 0.04 0.03 0.02 0.01
0.45 0.09 0.08 0.1 0.07 0.06 0.05 0.04 0.03 0.02 0.01
0.35 0.2 0.09 0.08 0.07 0.06 0.05 0.04 0.03 0.02 0.01
0.45 0.1 0.08 0.07 0.09 0.06 0.05 0.04 0.03 0.02 0.01
0.07 0.08 0.1 0.42 0.12 0.06 0.05 0.04 0.03 0.02 0.01
0.45 0.1 0.09 0.08 0.07 0.06 0.05 0.04 0.03 0.02 0.01
0.45 0.1 0.09 0.08 0.07 0.06 0.05 0.04 0.03 0.02 0.01
0.45 0.1 0.09 0.08 0.07 0.06 0.05 0.04 0.03 0.02 0.01
0.45 0.1 0.09 0.08 0.07 0.06 0.05 0.04 0.03 0.02 0.01
0.34 0.21 0.09 0.08 0.07 0.06 0.05 0.04 0.03 0.02 0.01
0.45 0.1 0.09 0.08 0.07 0.06 0.05 0.04 0.03 0.02 0.01
0.45 0.1 0.09 0.08 0.07 0.06 0.05 0.04 0.03 0.02 0.01
0.35 0.2 0.09 0.08 0.07 0.06 0.05 0.04 0.03 0.02 0.01
0.45 0.1 0.09 0.08 0.07 0.06 0.05 0.04 0.03 0.02 0.01
0.35 0.2 0.09 0.08 0.07 0.06 0.05 0.04 0.03 0.02 0.01
0.07 0.08 0.1 0.42 0.12 0.06 0.05 0.04 0.03 0.02 0.01
0.45 0.1 0.09 0.08 0.07 0.06 0.05 0.04 0.03 0.02 0.01
0.45 0.1 0.09 0.08 0.07 0.06 0.05 0.04 0.03 0.02 0.01
0.45 0.1 0.09 0.08 0.07 0.06 0.05 0.04 0.03 0.02 0.01
0.45 0.1 0.09 0.08 0.07 0.06 0.05 0.04 0.03 0.02 0.01
0.45 0.1 0.09 0.08 0.07 0.06 0.05 0.04 0.03 0.02 0.01
0.45 0.1 0.08 0.07 0.09 0.06 0.05 0.04 0.03 0.02 0.01
0.45 0.1 0.09 0.08 0.07 0.06 0.05 0.04 0.03 0.02 0.01
0.35 0.2 0.08 0.07 0.09 0.06 0.05 0.04 0.03 0.02 0.01
0.45 0.1 0.09 0.08 0.07 0.06 0.05 0.04 0.03 0.02 0.01
0.45 0.1 0.09 0.08 0.07 0.06 0.05 0.04 0.03 0.02 0.01
0.07 0.08 0.11 0.41 0.12 0.06 0.05 0.04 0.03 0.02 0.01
0.35 0.2 0.09 0.08 0.07 0.06 0.05 0.04 0.03 0.02 0.01
0.45 0.1 0.09 0.08 0.07 0.06 0.05 0.04 0.03 0.02 0.01
0.45 0.1 0.09 0.08 0.07 0.06 0.05 0.04 0.03 0.02 0.01
0.45 0.1 0.09 0.08 0.07 0.06 0.05 0.04 0.03 0.02 0.01
0.45 0.1 0.09 0.08 0.07 0.06 0.05 0.04 0.03 0.02 0.01
0.45 0.1 0.09 0.08 0.07 0.06 0.05 0.04 0.03 0.02 0.01
0.35 0.2 0.09 0.08 0.07 0.06 0.05 0.04 0.03 0.02 0.01
0.45 0.1 0.09 0.08 0.07 0.06 0.05 0.04 0.03 0.02 0.01
0.45 0.1 0.09 0.08 0.07 0.06 0.05 0.04 0.03 0.02 0.01
0.45 0.1 0.08 0.09 0.07 0.06 0.05 0.04 0.03 0.02 0.01
0.07 0.08 0.1 0.42 0.12 0.06 0.05 0.04 0.03 0.02 0.01
0.45 0.1 0.09 0.08 0.07 0.06 0.05 0.04 0.03 0.02 0.01
0.45 0.1 0.09 0.08 0.07 0.06 0.05 0.04 0.03 0.02 0.01
0.45 0.1 0.09 0.08 0.07 0.06 0.05 0.04 0.03 0.02 0.01
0.45 0.1 0.09 0.08 0.07 0.06 0.05 0.04 0.03 0.02 0.01
0.35 0.18 0.11 0.08 0.07 0.06 0.05 0.04 0.03 0.02 0.01
0.35 0.19 0.1 0.08 0.07 0.06 0.05 0.04 0.03 0.02 0.01
0.45 0.1 0.09 0.08 0.07 0.06 0.05 0.04 0.03 0.02 0.01
0.35 0.2 0.09 0.08 0.07 0.06 0.05 0.04 0.03 0.02 0.01
0.45 0.1 0.09 0.08 0.07 0.06 0.05 0.04 0.03 0.02 0.01
0.45 0.1 0.09 0.08 0.07 0.06 0.05 0.04 0.03 0.02 0.01
0.07 0.08 0.11 0.41 0.12 0.06 0.05 0.04 0.03 0.02 0.01
0.45 0.1 0.09 0.08 0.07 0.06 0.05 0.04 0.03 0.02 0.01
0.45 0.1 0.09 0.08 0.07 0.06 0.05 0.04 0.03 0.02 0.01
0.45 0.1 0.09 0.08 0.07 0.06 0.05 0.04 0.03 0.02 0.01
0.45 0.1 0.09 0.08 0.07 0.06 0.05 0.04 0.03 0.02 0.01
0.45 0.1 0.09 0.08 0.07 0.06 0.05 0.04 0.03 0.02 0.01
0.45 0.1 0.09 0.08 0.07 0.06 0.05 0.04 0.03 0.02 0.01
0.45 0.1 0.09 0.08 0.07 0.06 0.05 0.04 0.03 0.02 0.01
0.45 0.1 0.09 0.08 0.07 0.06 0.05 0.04 0.03 0.02 0.01
0.45 0.1 0.09 0.08 0.07 0.06 0.05 0.04 0.03 0.02 0.01
0.35 0.2 0.09 0.08 0.07 0.06 0.05 0.04 0.03 0.02 0.01
0.07 0.08 0.11 0.41 0.12 0.06 0.05 0.04 0.03 0.02 0.01
0.35 0.2 0.09 0.08 0.07 0.06 0.05 0.04 0.03 0.02 0.01
0.45 0.1 0.09 0.08 0.07 0.06 0.05 0.04 0.03 0.02 0.01
0.35 0.2 0.09 0.08 0.07 0.06 0.05 0.04 0.03 0.02 0.01
0.45 0.1 0.09 0.08 0.07 0.06 0.05 0.04 0.03 0.02 0.01
0.35 0.2 0.09 0.08 0.07 0.06 0.05 0.04 0.03 0.02 0.01
0.45 0.1 0.09 0.08 0.07 0.06 0.05 0.04 0.03 0.02 0.01
0.45 0.1 0.09 0.08 0.07 0.06 0.05 0.04 0.03 0.02 0.01
0.35 0.2 0.09 0.08 0.07 0.06 0.05 0.04 0.03 0.02 0.01
0.2 0.35 0.09 0.08 0.07 0.06 0.05 0.04 0.03 0.02 0.01
0.2 0.35 0.09 0.08 0.07 0.06 0.05 0.04 0.03 0.02 0.01
0.07 0.08 0.11 0.41 0.12 0.06 0.05 0.04 0.03 0.02 0.01
0.45 0.1 0.09 0.08 0.07 0.06 0.05 0.04 0.03 0.02 0.01
0.35 0.09 0.07 0.2 0.08 0.06 0.05 0.04 0.03 0.02 0.01
0.45 0.1 0.09 0.08 0.07 0.06 0.05 0.04 0.03 0.02 0.01
0.35 0.2 0.09 0.08 0.07 0.06 0.05 0.04 0.03 0.02 0.01
0.45 0.1 0.09 0.08 0.07 0.06 0.05 0.04 0.03 0.02 0.01
0.45 0.1 0.09 0.08 0.07 0.06 0.05 0.04 0.03 0.02 0.01
0.35 0.2 0.09 0.07 0.08 0.06 0.05 0.04 0.03 0.02 0.01
0.45 0.1 0.09 0.08 0.07 0.06 0.05 0.04 0.03 0.02 0.01
0.2 0.35 0.09 0.08 0.07 0.06 0.05 0.04 0.03 0.02 0.01
0.45 0.1 0.09 0.08 0.07 0.06 0.05 0.04 0.03 0.02 0.01
0.07 0.08 0.09 0.43 0.12 0.06 0.05 0.04 0.03 0.02 0.01
0.07 0.08 0.09 0.43 0.12 0.06 0.05 0.04 0.03 0.02 0.01
0.07 0.08 0.1 0.42 0.12 0.06 0.05 0.04 0.03 0.02 0.01
0.07 0.08 0.11 0.41 0.12 0.06 0.05 0.04 0.03 0.02 0.01
0.08 0.07 0.1 0.42 0.12 0.06 0.05 0.04 0.03 0.02 0.01
0.07 0.08 0.1 0.42 0.12 0.06 0.05 0.04 0.03 0.02 0.01
0.07 0.08 0.1 0.42 0.12 0.06 0.05 0.04 0.03 0.02 0.01
0.07 0.08 0.1 0.42 0.12 0.06 0.05 0.04 0.03 0.02 0.01
0.07 0.08 0.11 0.41 0.12 0.06 0.05 0.04 0.03 0.02 0.01
0.07 0.08 0.1 0.42 0.12 0.06 0.05 0.04 0.03 0.02 0.01
0.07 0.08 0.11 0.41 0.12 0.06 0.05 0.04 0.03 0.02 0.01
0.35 0.2 0.08 0.07 0.09 0.06 0.05 0.04 0.03 0.02 0.01
