0.16 0.32 0.52
0.17 0.35 0.48
0.14 0.35 0.51
0.17 0.35 0.48
0.17 0.34 0.49
0.17 0.35 0.48
0.17 0.35 0.48
0.17 0.34 0.49
0.14 0.35 0.51
0.11 0.33 0.56
0.1 0.25 0.65
0.14 0.35 0.51
0.11 0.32 0.57
0.02 0.25 0.73
0.02 0.27 0.71
0.01 0.23 0.76
0.02 0.27 0.71
0.06 0.26 0.68
0.02 0.25 0.73
0.06 0.25 0.69
0.02 0.21 0.77
0.08 0.26 0.66
0.17 0.35 0.48
0.17 0.35 0.48
0.16 0.28 0.56
0.14 0.35 0.51
0.19 0.31 0.5
0.19 0.31 0.5
0.17 0.35 0.48
0.08 0.26 0.66
0.05 0.09 0.86
0.17 0.35 0.48
0.15 0.37 0.48
0.19 0.31 0.5
0.13 0.31 0.56
0.17 0.35 0.48
0.14 0.33 0.53
0.17 0.35 0.48
0.17 0.33 0.5
0.16 0.32 0.52
0.17 0.35 0.48
0.19 0.31 0.5
0.17 0.35 0.48
0.04 0.21 0.75
0.17 0.35 0.48
0.16 0.32 0.52
0.17 0.35 0.48
0.16 0.32 0.52
0.17 0.35 0.48
0.14 0.35 0.51
0.15 0.37 0.48
0.16 0.32 0.52
0.17 0.35 0.48
0.17 0.35 0.48
0.04 0.27 0.69
0.17 0.35 0.48
0.19 0.31 0.5
0.19 0.31 0.5
0.17 0.34 0.49
0.17 0.35 0.48
0.19 0.31 0.5
0.17 0.33 0.5
0.14 0.35 0.51
0.17 0.35 0.48
0.13 0.31 0.56
0.1 0.25 0.65
0.17 0.35 0.48
0.17 0.35 0.48
0.16 0.32 0.52
0.16 0.28 0.56
0.17 0.35 0.48
0.13 0.31 0.56
0.08 0.26 0.66
0.16 0.32 0.52
0.12 0.36 0.52
0.1 0.25 0.65
0.02 0.06 0.92
0.17 0.34 0.49
0.17 0.35 0.48
0.19 0.31 0.5
0.16 0.32 0.52
0.15 0.37 0.48
0.16 0.32 0.52
0.17 0.34 0.49
0.14 0.33 0.53
0.17 0.35 0.48
0.13 0.31 0.56
0.04 0.27 0.69
0.16 0.32 0.52
0.17 0.33 0.5
0.17 0.33 0.5
0.19 0.31 0.5
0.17 0.35 0.48
0.14 0.35 0.51
0.17 0.33 0.5
0.17 0.35 0.48
0.19 0.31 0.5
0.16 0.32 0.52
0.04 0.21 0.75
0.17 0.35 0.48
0.19 0.31 0.5
0.17 0.35 0.48
0.16 0.32 0.52
0.19 0.31 0.5
0.19 0.31 0.5
0.17 0.35 0.48
0.16 0.32 0.52
0.16 0.32 0.52
0.17 0.35 0.48
0.06 0.26 0.68
0.16 0.32 0.52
0.13 0.31 0.56
0.17 0.35 0.48
0.14 0.35 0.51
0.16 0.32 0.52
0.19 0.31 0.5
0.16 0.32 0.52
0.16 0.32 0.52
0.16 0.32 0.52
0.13 0.31 0.56
0.09 0.32 0.59
0.17 0.35 0.48
0.17 0.34 0.49
0.19 0.31 0.5
0.15 0.37 0.48
0.17 0.34 0.49
0.16 0.28 0.56
0.14 0.35 0.51
0.16 0.32 0.52
0.17 0.35 0.48
0.17 0.35 0.48
0.08 0.26 0.66
0.17 0.35 0.48
0.19 0.31 0.5
0.17 0.35 0.48
0.14 0.35 0.51
0.17 0.35 0.48
0.17 0.35 0.48
0.17 0.33 0.5
0.19 0.31 0.5
0.19 0.31 0.5
0.11 0.33 0.56
0.04 0.27 0.69
0.17 0.34 0.49
0.17 0.35 0.48
0.17 0.33 0.5
0.13 0.31 0.56
0.17 0.35 0.48
0.19 0.31 0.5
0.15 0.37 0.48
0.16 0.32 0.52
0.17 0.35 0.48
0.17 0.34 0.49
0.02 0.27 0.71
0.16 0.32 0.52
0.19 0.31 0.5
0.16 0.32 0.52
0.17 0.35 0.48
0.19 0.31 0.5
0.19 0.31 0.5
0.19 0.31 0.5
0.16 0.32 0.52
0.19 0.31 0.5
0.17 0.35 0.48
0.02 0.21 0.77
0.14 0.33 0.53
0.19 0.31 0.5
0.16 0.32 0.52
0.19 0.31 0.5
0.17 0.35 0.48
0.17 0.35 0.48
0.16 0.28 0.56
0.08 0.26 0.66
0.15 0.37 0.48
0.13 0.31 0.56
0.04 0.1 0.86
0.17 0.35 0.48
0.17 0.35 0.48
0.17 0.35 0.48
0.17 0.34 0.49
0.17 0.35 0.48
0.17 0.35 0.48
0.19 0.31 0.5
0.16 0.32 0.52
0.19 0.31 0.5
0.17 0.34 0.49
0.02 0.17 0.81
0.15 0.37 0.48
0.17 0.35 0.48
0.16 0.28 0.56
0.19 0.31 0.5
0.17 0.33 0.5
0.16 0.32 0.52
0.14 0.35 0.51
0.19 0.31 0.5
0.16 0.32 0.52
0.17 0.35 0.48
0.02 0.06 0.92
0.16 0.32 0.52
0.19 0.31 0.5
0.14 0.35 0.51
0.19 0.31 0.5
0.19 0.31 0.5
0.19 0.31 0.5
0.16 0.32 0.52
0.17 0.35 0.48
0.15 0.37 0.48
0.17 0.33 0.5
0.04 0.27 0.69
0.16 0.32 0.52
0.17 0.35 0.48
0.17 0.34 0.49
0.17 0.2 0.63
0.16 0.32 0.52
0.17 0.35 0.48
0.19 0.31 0.5
0.14 0.35 0.51
0.14 0.35 0.51
0.14 0.35 0.51
0.02 0.25 0.73
0.17 0.35 0.48
0.19 0.31 0.5
0.19 0.31 0.5
0.17 0.35 0.48
0.16 0.32 0.52
0.17 0.34 0.49
0.17 0.34 0.49
0.17 0.35 0.48
0.17 0.34 0.49
0.14 0.35 0.51
0.02 0.25 0.73
0.14 0.35 0.51
0.17 0.35 0.48
0.19 0.31 0.5
0.17 0.35 0.48
0.17 0.35 0.48
0.1 0.25 0.65
0.15 0.37 0.48
0.17 0.33 0.5
0.17 0.33 0.5
0.17 0.35 0.48
0.04 0.1 0.86
0.17 0.35 0.48
0.19 0.31 0.5
0.16 0.28 0.56
0.17 0.35 0.48
0.14 0.35 0.51
0.17 0.35 0.48
0.16 0.32 0.52
0.17 0.34 0.49
0.17 0.35 0.48
0.13 0.31 0.56
0.04 0.27 0.69
0.17 0.35 0.48
0.19 0.31 0.5
0.17 0.35 0.48
0.17 0.33 0.5
0.17 0.35 0.48
0.13 0.31 0.56
0.17 0.35 0.48
0.13 0.31 0.56
0.17 0.35 0.48
0.19 0.31 0.5
0.04 0.26 0.7
0.17 0.35 0.48
0.19 0.31 0.5
0.16 0.32 0.52
0.17 0.34 0.49
0.17 0.35 0.48
0.17 0.35 0.48
0.17 0.35 0.48
0.13 0.31 0.56
0.15 0.37 0.48
0.13 0.31 0.56
0.04 0.21 0.75
0.17 0.35 0.48
0.19 0.31 0.5
0.19 0.31 0.5
0.16 0.28 0.56
0.17 0.35 0.48
0.16 0.32 0.52
0.17 0.35 0.48
0.17 0.33 0.5
0.16 0.32 0.52
0.14 0.35 0.51
0.09 0.11 0.8
0.14 0.35 0.51
0.17 0.35 0.48
0.17 0.35 0.48
0.17 0.33 0.5
0.17 0.33 0.5
0.14 0.33 0.53
0.11 0.33 0.56
0.15 0.37 0.48
0.17 0.35 0.48
0.17 0.35 0.48
0.04 0.1 0.86
0.19 0.31 0.5
0.17 0.35 0.48
0.14 0.35 0.51
0.17 0.33 0.5
0.17 0.35 0.48
0.14 0.35 0.51
0.17 0.35 0.48
0.15 0.37 0.48
0.17 0.34 0.49
0.17 0.34 0.49
0.06 0.23 0.71
0.16 0.32 0.52
0.17 0.33 0.5
0.16 0.32 0.52
0.16 0.32 0.52
0.11 0.31 0.58
0.17 0.35 0.48
0.17 0.35 0.48
0.14 0.35 0.51
0.17 0.35 0.48
0.17 0.35 0.48
0.04 0.27 0.69
0.12 0.36 0.52
0.16 0.32 0.52
0.16 0.32 0.52
0.17 0.34 0.49
0.12 0.36 0.52
0.19 0.31 0.5
0.16 0.32 0.52
0.14 0.35 0.51
0.11 0.32 0.57
0.16 0.28 0.56
0.06 0.26 0.68
0.14 0.34 0.52
0.16 0.32 0.52
0.14 0.35 0.51
0.11 0.33 0.56
0.19 0.31 0.5
0.16 0.32 0.52
0.13 0.21 0.66
0.15 0.37 0.48
0.13 0.27 0.6
0.16 0.32 0.52
0.02 0.06 0.92
0.16 0.32 0.52
0.17 0.35 0.48
0.17 0.35 0.48
0.17 0.35 0.48
0.11 0.33 0.56
0.17 0.35 0.48
0.16 0.32 0.52
0.19 0.31 0.5
0.14 0.35 0.51
0.15 0.37 0.48
0.02 0.25 0.73
0.17 0.33 0.5
0.16 0.28 0.56
0.19 0.31 0.5
0.17 0.33 0.5
0.17 0.35 0.48
0.17 0.34 0.49
0.17 0.35 0.48
0.13 0.31 0.56
0.1 0.25 0.65
0.1 0.25 0.65
0.08 0.26 0.66
0.17 0.33 0.5
0.19 0.31 0.5
0.17 0.35 0.48
0.13 0.31 0.56
0.14 0.33 0.53
0.16 0.32 0.52
0.11 0.33 0.56
0.13 0.27 0.6
0.16 0.32 0.52
0.14 0.35 0.51
0.07 0.12 0.81
0.17 0.35 0.48
0.17 0.33 0.5
0.17 0.35 0.48
0.17 0.33 0.5
0.19 0.31 0.5
0.19 0.31 0.5
0.14 0.35 0.51
0.16 0.32 0.52
0.17 0.34 0.49
0.19 0.31 0.5
0.06 0.23 0.71
0.17 0.33 0.5
0.17 0.35 0.48
0.17 0.35 0.48
0.17 0.34 0.49
0.14 0.35 0.51
0.16 0.28 0.56
0.13 0.27 0.6
0.16 0.32 0.52
0.17 0.35 0.48
0.17 0.35 0.48
0.06 0.26 0.68
0.17 0.35 0.48
0.15 0.37 0.48
0.19 0.31 0.5
0.16 0.32 0.52
0.17 0.35 0.48
0.17 0.35 0.48
0.17 0.33 0.5
0.16 0.32 0.52
0.19 0.31 0.5
0.11 0.31 0.58
0.06 0.26 0.68
0.17 0.33 0.5
0.15 0.37 0.48
0.19 0.31 0.5
0.13 0.27 0.6
0.19 0.31 0.5
0.17 0.35 0.48
0.13 0.27 0.6
0.16 0.32 0.52
0.09 0.32 0.59
0.16 0.32 0.52
0.13 0.31 0.56
0.16 0.32 0.52
0.19 0.31 0.5
0.17 0.35 0.48
0.14 0.33 0.53
0.17 0.35 0.48
0.16 0.32 0.52
0.16 0.32 0.52
0.16 0.32 0.52
0.17 0.35 0.48
0.1 0.25 0.65
0.02 0.25 0.73
0.16 0.32 0.52
0.19 0.31 0.5
0.17 0.35 0.48
0.17 0.35 0.48
0.17 0.35 0.48
0.15 0.37 0.48
0.15 0.37 0.48
0.14 0.35 0.51
0.16 0.32 0.52
0.16 0.28 0.56
0.11 0.33 0.56
0.19 0.31 0.5
0.16 0.32 0.52
0.17 0.35 0.48
0.19 0.31 0.5
0.08 0.29 0.63
0.17 0.34 0.49
0.19 0.31 0.5
0.16 0.32 0.52
0.14 0.35 0.51
0.14 0.34 0.52
0.08 0.11 0.81
0.17 0.35 0.48
0.16 0.28 0.56
0.17 0.33 0.5
0.17 0.33 0.5
0.16 0.32 0.52
0.17 0.34 0.49
0.16 0.32 0.52
0.17 0.35 0.48
0.19 0.31 0.5
0.15 0.37 0.48
0.02 0.25 0.73
0.19 0.31 0.5
0.16 0.28 0.56
0.17 0.33 0.5
0.17 0.35 0.48
0.17 0.35 0.48
0.17 0.35 0.48
0.17 0.35 0.48
0.17 0.35 0.48
0.14 0.35 0.51
0.11 0.32 0.57
0.02 0.25 0.73
0.17 0.35 0.48
0.13 0.31 0.56
0.17 0.35 0.48
0.14 0.35 0.51
0.16 0.32 0.52
0.17 0.35 0.48
0.15 0.37 0.48
0.16 0.32 0.52
0.09 0.33 0.58
0.17 0.34 0.49
0.02 0.25 0.73
0.17 0.35 0.48
0.17 0.34 0.49
0.17 0.35 0.48
0.14 0.35 0.51
0.1 0.25 0.65
0.13 0.31 0.56
0.19 0.31 0.5
0.13 0.31 0.56
0.17 0.35 0.48
0.17 0.33 0.5
0.02 0.25 0.73
0.17 0.35 0.48
0.17 0.35 0.48
0.17 0.33 0.5
0.17 0.35 0.48
0.14 0.35 0.51
0.16 0.32 0.52
0.13 0.31 0.56
0.14 0.35 0.51
0.15 0.37 0.48
0.13 0.31 0.56
0.02 0.25 0.73
0.16 0.32 0.52
0.16 0.32 0.52
0.17 0.34 0.49
0.17 0.35 0.48
0.17 0.35 0.48
0.16 0.32 0.52
0.13 0.31 0.56
0.17 0.33 0.5
0.11 0.33 0.56
0.14 0.35 0.51
0.04 0.27 0.69
0.17 0.35 0.48
0.17 0.34 0.49
0.17 0.35 0.48
0.19 0.31 0.5
0.17 0.35 0.48
0.16 0.32 0.52
0.14 0.34 0.52
0.1 0.25 0.65
0.11 0.33 0.56
0.13 0.31 0.56
0.02 0.06 0.92
0.15 0.37 0.48
0.17 0.34 0.49
0.17 0.35 0.48
0.17 0.35 0.48
0.19 0.31 0.5
0.17 0.35 0.48
0.14 0.35 0.51
0.13 0.31 0.56
0.17 0.35 0.48
0.14 0.34 0.52
0.02 0.25 0.73
0.16 0.32 0.52
0.17 0.35 0.48
0.17 0.35 0.48
0.14 0.35 0.51
0.19 0.31 0.5
0.17 0.35 0.48
0.13 0.27 0.6
0.17 0.34 0.49
0.19 0.31 0.5
0.1 0.25 0.65
0.02 0.25 0.73
0.19 0.31 0.5
0.15 0.37 0.48
0.19 0.31 0.5
0.19 0.31 0.5
0.16 0.32 0.52
0.16 0.32 0.52
0.13 0.27 0.6
0.17 0.35 0.48
0.16 0.28 0.56
0.13 0.31 0.56
0.04 0.27 0.69
0.19 0.31 0.5
0.17 0.35 0.48
0.16 0.32 0.52
0.17 0.33 0.5
0.16 0.28 0.56
0.13 0.27 0.6
0.17 0.35 0.48
0.17 0.35 0.48
0.16 0.32 0.52
0.16 0.28 0.56
0.09 0.11 0.8
0.19 0.31 0.5
0.17 0.35 0.48
0.14 0.35 0.51
0.19 0.31 0.5
0.17 0.35 0.48
0.16 0.32 0.52
0.14 0.35 0.51
0.17 0.34 0.49
0.13 0.31 0.56
0.17 0.34 0.49
0.08 0.26 0.66
0.19 0.31 0.5
0.16 0.32 0.52
0.19 0.31 0.5
0.17 0.35 0.48
0.17 0.34 0.49
0.14 0.19 0.67
0.17 0.35 0.48
0.17 0.35 0.48
0.12 0.36 0.52
0.16 0.28 0.56
0.08 0.31 0.61
0.16 0.32 0.52
0.15 0.37 0.48
0.17 0.35 0.48
0.17 0.34 0.49
0.17 0.35 0.48
0.16 0.32 0.52
0.14 0.35 0.51
0.19 0.31 0.5
0.11 0.33 0.56
0.17 0.33 0.5
0.02 0.25 0.73
0.17 0.35 0.48
0.17 0.34 0.49
0.16 0.32 0.52
0.17 0.35 0.48
0.16 0.32 0.52
0.14 0.35 0.51
0.16 0.32 0.52
0.14 0.33 0.53
0.17 0.35 0.48
0.19 0.31 0.5
0.11 0.12 0.77
0.19 0.31 0.5
0.16 0.32 0.52
0.16 0.32 0.52
0.17 0.35 0.48
0.19 0.31 0.5
0.14 0.35 0.51
0.15 0.37 0.48
0.17 0.35 0.48
0.17 0.33 0.5
0.08 0.26 0.66
0.04 0.27 0.69
0.19 0.31 0.5
0.16 0.32 0.52
0.17 0.35 0.48
0.17 0.35 0.48
0.19 0.31 0.5
0.16 0.32 0.52
0.17 0.35 0.48
0.11 0.33 0.56
0.14 0.35 0.51
0.14 0.35 0.51
0.02 0.06 0.92
0.16 0.32 0.52
0.14 0.34 0.52
0.17 0.35 0.48
0.19 0.31 0.5
0.16 0.32 0.52
0.19 0.31 0.5
0.16 0.28 0.56
0.16 0.28 0.56
0.17 0.34 0.49
0.13 0.31 0.56
0.09 0.32 0.59
0.19 0.31 0.5
0.16 0.32 0.52
0.17 0.33 0.5
0.17 0.33 0.5
0.17 0.35 0.48
0.12 0.36 0.52
0.13 0.31 0.56
0.17 0.34 0.49
0.16 0.32 0.52
0.17 0.35 0.48
0.08 0.25 0.67
0.16 0.32 0.52
0.17 0.35 0.48
0.17 0.35 0.48
0.16 0.32 0.52
0.13 0.31 0.56
0.16 0.32 0.52
0.15 0.37 0.48
0.17 0.35 0.48
0.14 0.33 0.53
0.14 0.35 0.51
0.08 0.25 0.67
0.02 0.25 0.73
0.04 0.21 0.75
0.02 0.06 0.92
0.04 0.11 0.85
0.04 0.21 0.75
0.04 0.27 0.69
0.02 0.25 0.73
0.02 0.25 0.73
0.08 0.25 0.67
0.02 0.25 0.73
0.17 0.35 0.48
