0 0.69
1 0.69
2 0.69
3 0.69
4 0.68
5 0.68
6 0.68
7 0.68
8 0.68
9 0.68
10 0.68
11 0.68
12 0.67
13 0.67
14 0.67
15 0.67
16 0.67
17 0.67
18 0.67
19 0.66
20 0.66
21 0.66
22 0.66
23 0.66
24 0.66
25 0.66
26 0.66
27 0.66
28 0.65
29 0.65
30 0.65
31 0.65
32 0.65
33 0.65
34 0.65
35 0.65
36 0.64
37 0.64
38 0.64
39 0.64
40 0.64
41 0.64
42 0.64
43 0.64
44 0.64
45 0.64
46 0.63
47 0.63
48 0.63
49 0.63
0 0.69
1 0.69
2 0.69
3 0.69
4 0.68
5 0.68
6 0.68
7 0.68
8 0.68
9 0.68
10 0.68
11 0.67
12 0.67
13 0.67
14 0.67
15 0.67
16 0.67
17 0.67
18 0.67
19 0.66
20 0.66
21 0.66
22 0.66
23 0.66
24 0.66
25 0.66
26 0.66
27 0.65
28 0.65
29 0.65
30 0.65
31 0.65
32 0.65
33 0.65
34 0.65
35 0.65
36 0.64
37 0.64
38 0.64
39 0.64
40 0.64
41 0.64
42 0.64
43 0.64
44 0.63
45 0.63
46 0.63
47 0.63
48 0.62
49 0.62
0 0.69
1 0.69
2 0.69
3 0.69
4 0.68
5 0.68
6 0.68
7 0.68
8 0.68
9 0.68
10 0.68
11 0.67
12 0.67
13 0.67
14 0.67
15 0.67
16 0.67
17 0.67
18 0.67
19 0.66
20 0.66
21 0.66
22 0.66
23 0.66
24 0.66
25 0.66
26 0.66
27 0.65
28 0.65
29 0.65
30 0.65
31 0.65
32 0.65
33 0.65
34 0.65
35 0.64
36 0.64
37 0.64
38 0.64
39 0.64
40 0.64
41 0.63
42 0.63
43 0.63
44 0.63
45 0.62
46 0.62
47 0.61
48 0.61
49 0.6
0 0.69
1 0.69
2 0.69
3 0.69
4 0.68
5 0.68
6 0.68
7 0.68
8 0.68
9 0.68
10 0.68
11 0.68
12 0.67
13 0.67
14 0.67
15 0.67
16 0.67
17 0.67
18 0.67
19 0.66
20 0.66
21 0.66
22 0.66
23 0.66
24 0.66
25 0.66
26 0.66
27 0.66
28 0.65
29 0.65
30 0.65
31 0.65
32 0.65
33 0.65
34 0.65
35 0.65
36 0.64
37 0.64
38 0.64
39 0.64
40 0.64
41 0.64
42 0.64
43 0.64
44 0.64
45 0.64
46 0.63
47 0.63
48 0.63
49 0.63
0 0.69
1 0.69
2 0.69
3 0.69
4 0.68
5 0.68
6 0.68
7 0.68
8 0.68
9 0.68
10 0.68
11 0.67
12 0.67
13 0.67
14 0.67
15 0.67
16 0.67
17 0.67
18 0.66
19 0.66
20 0.66
21 0.66
22 0.66
23 0.66
24 0.66
25 0.65
26 0.65
27 0.65
28 0.65
29 0.65
30 0.64
31 0.64
32 0.64
33 0.63
34 0.63
35 0.63
36 0.62
37 0.61
38 0.61
39 0.6
40 0.59
41 0.59
42 0.59
43 0.58
44 0.58
45 0.58
46 0.58
47 0.58
48 0.58
49 0.58
0 0.69
1 0.69
2 0.69
3 0.69
4 0.68
5 0.68
6 0.68
7 0.68
8 0.68
9 0.68
10 0.68
11 0.68
12 0.67
13 0.67
14 0.67
15 0.67
16 0.67
17 0.67
18 0.67
19 0.66
20 0.66
21 0.66
22 0.66
23 0.66
24 0.66
25 0.66
26 0.66
27 0.66
28 0.65
29 0.65
30 0.65
31 0.65
32 0.65
33 0.65
34 0.65
35 0.65
36 0.64
37 0.64
38 0.64
39 0.64
40 0.64
41 0.64
42 0.64
43 0.64
44 0.64
45 0.64
46 0.63
47 0.63
48 0.63
49 0.63
0 0.69
1 0.69
2 0.69
3 0.69
4 0.68
5 0.68
6 0.68
7 0.68
8 0.68
9 0.68
10 0.68
11 0.68
12 0.67
13 0.67
14 0.67
15 0.67
16 0.67
17 0.67
18 0.67
19 0.66
20 0.66
21 0.66
22 0.66
23 0.66
24 0.66
25 0.66
26 0.66
27 0.66
28 0.65
29 0.65
30 0.65
31 0.65
32 0.65
33 0.65
34 0.65
35 0.65
36 0.65
37 0.64
38 0.64
39 0.64
40 0.64
41 0.64
42 0.64
43 0.64
44 0.64
45 0.64
46 0.63
47 0.63
48 0.63
49 0.63
0 0.69
1 0.69
2 0.69
3 0.69
4 0.68
5 0.68
6 0.68
7 0.68
8 0.68
9 0.68
10 0.68
11 0.68
12 0.67
13 0.67
14 0.67
15 0.67
16 0.67
17 0.67
18 0.67
19 0.66
20 0.66
21 0.66
22 0.66
23 0.66
24 0.66
25 0.66
26 0.66
27 0.66
28 0.65
29 0.65
30 0.65
31 0.65
32 0.65
33 0.65
34 0.65
35 0.65
36 0.64
37 0.64
38 0.64
39 0.64
40 0.64
41 0.64
42 0.64
43 0.64
44 0.64
45 0.64
46 0.63
47 0.63
48 0.63
49 0.63
0 0.69
1 0.69
2 0.69
3 0.69
4 0.68
5 0.68
6 0.68
7 0.68
8 0.68
9 0.68
10 0.68
11 0.68
12 0.67
13 0.67
14 0.67
15 0.67
16 0.67
17 0.67
18 0.67
19 0.66
20 0.66
21 0.66
22 0.66
23 0.66
24 0.66
25 0.66
26 0.66
27 0.66
28 0.65
29 0.65
30 0.65
31 0.65
32 0.65
33 0.65
34 0.65
35 0.65
36 0.64
37 0.64
38 0.64
39 0.64
40 0.64
41 0.64
42 0.64
43 0.64
44 0.64
45 0.64
46 0.63
47 0.63
48 0.63
49 0.63
0 0.69
1 0.69
2 0.69
3 0.69
4 0.68
5 0.68
6 0.68
7 0.68
8 0.68
9 0.68
10 0.68
11 0.67
12 0.67
13 0.67
14 0.67
15 0.67
16 0.67
17 0.67
18 0.67
19 0.66
20 0.66
21 0.66
22 0.66
23 0.66
24 0.66
25 0.66
26 0.66
27 0.65
28 0.65
29 0.65
30 0.65
31 0.65
32 0.65
33 0.65
34 0.64
35 0.64
36 0.64
37 0.64
38 0.64
39 0.63
40 0.63
41 0.63
42 0.62
43 0.62
44 0.61
45 0.61
46 0.6
47 0.6
48 0.59
49 0.59
0 0.69
1 0.69
2 0.69
3 0.68
4 0.68
5 0.68
6 0.68
7 0.67
8 0.66
9 0.66
10 0.66
11 0.66
12 0.66
13 0.65
14 0.65
15 0.65
16 0.65
17 0.65
18 0.63
19 0.63
20 0.63
21 0.63
22 0.63
23 0.62
24 0.62
25 0.62
26 0.62
27 0.62
28 0.61
29 0.6
30 0.6
31 0.6
32 0.6
33 0.59
34 0.59
35 0.58
36 0.57
37 0.55
38 0.54
39 0.51
40 0.47
41 0.44
42 0.41
43 0.4
44 0.39
45 0.39
46 0.39
47 0.39
48 0.39
49 0.39
0 0.69
1 0.69
2 0.69
3 0.69
4 0.69
5 0.68
6 0.68
7 0.68
8 0.68
9 0.68
10 0.68
11 0.68
12 0.68
13 0.68
14 0.68
15 0.68
16 0.68
17 0.68
18 0.68
19 0.68
20 0.68
21 0.68
22 0.68
23 0.68
24 0.68
25 0.67
26 0.67
27 0.67
28 0.67
29 0.67
30 0.67
31 0.67
32 0.67
33 0.67
34 0.67
35 0.67
36 0.66
37 0.66
38 0.66
39 0.66
40 0.66
41 0.66
42 0.66
43 0.66
44 0.66
45 0.66
46 0.66
47 0.66
48 0.66
49 0.66
0 0.69
1 0.69
2 0.69
3 0.69
4 0.69
5 0.69
6 0.69
7 0.69
8 0.69
9 0.69
10 0.69
11 0.69
12 0.69
13 0.69
14 0.69
15 0.69
16 0.69
17 0.69
18 0.69
19 0.69
20 0.69
21 0.69
22 0.69
23 0.69
24 0.69
25 0.69
26 0.69
27 0.69
28 0.69
29 0.68
30 0.68
31 0.68
32 0.68
33 0.68
34 0.68
35 0.68
36 0.68
37 0.68
38 0.68
39 0.68
40 0.68
41 0.68
42 0.68
43 0.68
44 0.68
45 0.68
46 0.68
47 0.68
48 0.68
49 0.68
