0.03 0.19 0.74 0.04
0.05 0.27 0.64 0.04
0.07 0.27 0.62 0.04
0.09 0.29 0.59 0.03
0.11 0.3 0.55 0.04
0.12 0.33 0.51 0.04
0.14 0.32 0.49 0.05
0.16 0.3 0.49 0.05
0.17 0.35 0.43 0.05
0.19 0.32 0.44 0.05
0.07 0.27 0.62 0.04
0.01 0.27 0.7 0.02
0.01 0.19 0.78 0.02
0.01 0.15 0.8 0.04
0.02 0.26 0.68 0.04
0.02 0.23 0.71 0.04
0.02 0.18 0.76 0.04
0.03 0.26 0.67 0.04
0.03 0.24 0.69 0.04
0.04 0.29 0.65 0.02
0.04 0.28 0.65 0.03
0.17 0.14 0.65 0.04
0.04 0.07 0.88 0.01
0.05 0.07 0.86 0.02
0.07 0.08 0.81 0.04
0.06 0.07 0.85 0.02
0.07 0.08 0.82 0.03
0.08 0.09 0.81 0.02
0.11 0.1 0.76 0.03
0.12 0.1 0.74 0.04
0.12 0.1 0.74 0.04
0.14 0.11 0.72 0.03
0.09 0.4 0.46 0.05
0.05 0.27 0.64 0.04
0.07 0.27 0.62 0.04
0.09 0.3 0.57 0.04
0.11 0.31 0.54 0.04
0.12 0.34 0.49 0.05
0.14 0.33 0.48 0.05
0.16 0.31 0.48 0.05
0.17 0.35 0.43 0.05
0.19 0.32 0.44 0.05
0.2 0.35 0.4 0.05
0.07 0.23 0.66 0.04
0.05 0.27 0.64 0.04
0.07 0.27 0.62 0.04
0.09 0.29 0.59 0.03
0.11 0.3 0.55 0.04
0.12 0.33 0.51 0.04
0.14 0.32 0.49 0.05
0.16 0.3 0.49 0.05
0.17 0.35 0.43 0.05
0.19 0.32 0.44 0.05
0.2 0.35 0.4 0.05
0.07 0.25 0.64 0.04
0.05 0.27 0.64 0.04
0.07 0.27 0.62 0.04
0.09 0.29 0.59 0.03
0.11 0.3 0.55 0.04
0.12 0.33 0.51 0.04
0.14 0.32 0.49 0.05
0.16 0.3 0.49 0.05
0.17 0.35 0.43 0.05
0.19 0.32 0.44 0.05
0.2 0.35 0.4 0.05
0.07 0.25 0.64 0.04
0.05 0.27 0.64 0.04
0.07 0.27 0.62 0.04
0.09 0.29 0.59 0.03
0.11 0.3 0.55 0.04
0.12 0.33 0.51 0.04
0.14 0.32 0.49 0.05
0.16 0.3 0.49 0.05
0.17 0.35 0.43 0.05
0.19 0.32 0.44 0.05
0.2 0.35 0.4 0.05
0.07 0.25 0.64 0.04
0.05 0.27 0.64 0.04
0.07 0.27 0.62 0.04
0.09 0.29 0.59 0.03
0.11 0.3 0.55 0.04
0.12 0.33 0.51 0.04
0.14 0.32 0.49 0.05
0.16 0.3 0.49 0.05
0.17 0.35 0.43 0.05
0.19 0.32 0.44 0.05
0.2 0.35 0.4 0.05
0.07 0.25 0.64 0.04
0.05 0.27 0.64 0.04
0.07 0.27 0.62 0.04
0.09 0.29 0.59 0.03
0.11 0.3 0.55 0.04
0.12 0.33 0.51 0.04
0.14 0.32 0.49 0.05
0.16 0.3 0.49 0.05
0.17 0.35 0.43 0.05
0.19 0.32 0.44 0.05
0.2 0.35 0.4 0.05
0.07 0.25 0.64 0.04
0.05 0.27 0.64 0.04
0.07 0.27 0.62 0.04
0.09 0.29 0.59 0.03
0.11 0.3 0.55 0.04
0.12 0.33 0.51 0.04
0.14 0.32 0.49 0.05
0.16 0.3 0.49 0.05
0.17 0.35 0.43 0.05
0.19 0.32 0.44 0.05
0.2 0.35 0.4 0.05
0.07 0.25 0.64 0.04
0.05 0.27 0.64 0.04
0.07 0.27 0.62 0.04
0.09 0.29 0.59 0.03
0.11 0.3 0.55 0.04
0.12 0.33 0.51 0.04
0.14 0.32 0.49 0.05
0.16 0.3 0.49 0.05
0.17 0.35 0.43 0.05
0.19 0.32 0.44 0.05
0.2 0.35 0.4 0.05
0.07 0.25 0.64 0.04
0.05 0.27 0.64 0.04
0.07 0.27 0.62 0.04
0.09 0.29 0.59 0.03
0.11 0.3 0.55 0.04
0.12 0.33 0.51 0.04
0.14 0.32 0.49 0.05
0.16 0.3 0.49 0.05
0.17 0.35 0.43 0.05
0.19 0.32 0.44 0.05
0.2 0.35 0.4 0.05
0.07 0.25 0.64 0.04
0.02 0.05 0.92 0.01
0.04 0.09 0.86 0.01
0.07 0.16 0.73 0.04
0.09 0.17 0.7 0.04
0.11 0.18 0.67 0.04
0.12 0.17 0.67 0.04
0.14 0.19 0.63 0.04
0.15 0.17 0.64 0.04
0.17 0.19 0.6 0.04
0.19 0.23 0.54 0.04
0.07 0.29 0.6 0.04
0.02 0.33 0.61 0.04
0.04 0.31 0.62 0.03
0.07 0.23 0.66 0.04
0.09 0.26 0.61 0.04
0.11 0.27 0.58 0.04
0.12 0.32 0.51 0.05
0.14 0.3 0.51 0.05
0.15 0.35 0.45 0.05
0.17 0.32 0.46 0.05
0.19 0.28 0.48 0.05
0.08 0.23 0.65 0.04
0.02 0.33 0.62 0.03
0.04 0.31 0.63 0.02
0.07 0.23 0.66 0.04
0.09 0.26 0.61 0.04
0.11 0.27 0.58 0.04
0.12 0.31 0.52 0.05
0.14 0.29 0.52 0.05
0.15 0.35 0.45 0.05
0.17 0.32 0.46 0.05
0.19 0.26 0.5 0.05
0.08 0.23 0.65 0.04
0.02 0.33 0.62 0.03
0.04 0.31 0.63 0.02
0.07 0.23 0.66 0.04
0.09 0.26 0.61 0.04
0.11 0.27 0.58 0.04
0.12 0.31 0.52 0.05
0.14 0.29 0.52 0.05
0.15 0.35 0.45 0.05
0.17 0.32 0.46 0.05
0.19 0.26 0.5 0.05
0.08 0.23 0.65 0.04
0.02 0.33 0.62 0.03
0.04 0.31 0.63 0.02
0.07 0.23 0.66 0.04
0.09 0.26 0.61 0.04
0.11 0.27 0.58 0.04
0.12 0.31 0.52 0.05
0.14 0.29 0.52 0.05
0.15 0.35 0.45 0.05
0.17 0.32 0.46 0.05
0.19 0.26 0.5 0.05
0.08 0.23 0.65 0.04
0.02 0.33 0.62 0.03
0.04 0.31 0.63 0.02
0.07 0.23 0.66 0.04
0.09 0.26 0.61 0.04
0.11 0.27 0.58 0.04
0.12 0.31 0.52 0.05
0.14 0.29 0.52 0.05
0.15 0.35 0.45 0.05
0.17 0.32 0.46 0.05
0.19 0.26 0.5 0.05
0.08 0.23 0.65 0.04
0.02 0.33 0.62 0.03
0.04 0.31 0.63 0.02
0.07 0.23 0.66 0.04
0.09 0.26 0.61 0.04
0.11 0.27 0.58 0.04
0.12 0.31 0.52 0.05
0.14 0.29 0.52 0.05
0.15 0.35 0.45 0.05
0.17 0.32 0.46 0.05
0.19 0.26 0.5 0.05
0.08 0.23 0.65 0.04
0.02 0.33 0.62 0.03
0.04 0.31 0.63 0.02
0.07 0.23 0.66 0.04
0.09 0.26 0.61 0.04
0.11 0.27 0.58 0.04
0.12 0.31 0.52 0.05
0.14 0.29 0.52 0.05
0.15 0.35 0.45 0.05
0.17 0.32 0.46 0.05
0.19 0.26 0.5 0.05
0.08 0.23 0.65 0.04
0.02 0.33 0.62 0.03
0.04 0.31 0.63 0.02
0.07 0.23 0.66 0.04
0.09 0.26 0.61 0.04
0.11 0.27 0.58 0.04
0.12 0.31 0.52 0.05
0.14 0.29 0.52 0.05
0.15 0.35 0.45 0.05
0.17 0.32 0.46 0.05
0.19 0.26 0.5 0.05
0.08 0.23 0.65 0.04
0.02 0.33 0.62 0.03
0.04 0.31 0.63 0.02
0.07 0.23 0.66 0.04
0.09 0.26 0.61 0.04
0.11 0.27 0.58 0.04
0.12 0.31 0.52 0.05
0.14 0.29 0.52 0.05
0.15 0.35 0.45 0.05
0.17 0.32 0.46 0.05
0.19 0.26 0.5 0.05
0.08 0.23 0.65 0.04
0.03 0.18 0.75 0.04
0.04 0.32 0.61 0.03
0.07 0.26 0.63 0.04
0.09 0.29 0.58 0.04
0.1 0.37 0.48 0.05
0.12 0.33 0.5 0.05
0.14 0.32 0.49 0.05
0.15 0.36 0.44 0.05
0.17 0.34 0.44 0.05
0.18 0.36 0.41 0.05
0.08 0.24 0.64 0.04
0.03 0.18 0.75 0.04
0.04 0.32 0.61 0.03
0.07 0.26 0.63 0.04
0.09 0.28 0.6 0.03
0.1 0.37 0.48 0.05
0.12 0.33 0.5 0.05
0.13 0.37 0.46 0.04
0.15 0.36 0.44 0.05
0.17 0.34 0.44 0.05
0.18 0.36 0.42 0.04
0.09 0.21 0.66 0.04
0.03 0.18 0.75 0.04
0.04 0.32 0.61 0.03
0.07 0.26 0.63 0.04
0.09 0.28 0.6 0.03
0.1 0.37 0.48 0.05
0.12 0.33 0.5 0.05
0.13 0.37 0.46 0.04
0.15 0.36 0.44 0.05
0.17 0.34 0.44 0.05
0.18 0.36 0.42 0.04
0.09 0.21 0.66 0.04
0.03 0.18 0.75 0.04
0.04 0.32 0.61 0.03
0.07 0.26 0.63 0.04
0.09 0.28 0.6 0.03
0.1 0.37 0.48 0.05
0.12 0.33 0.5 0.05
0.13 0.37 0.46 0.04
0.15 0.36 0.44 0.05
0.17 0.34 0.44 0.05
0.18 0.36 0.42 0.04
0.09 0.21 0.66 0.04
0.03 0.18 0.75 0.04
0.04 0.32 0.61 0.03
0.07 0.26 0.63 0.04
0.09 0.28 0.6 0.03
0.1 0.37 0.48 0.05
0.12 0.33 0.5 0.05
0.13 0.37 0.46 0.04
0.15 0.36 0.44 0.05
0.17 0.34 0.44 0.05
0.18 0.36 0.42 0.04
0.09 0.21 0.66 0.04
0.03 0.18 0.75 0.04
0.04 0.32 0.61 0.03
0.07 0.26 0.63 0.04
0.09 0.28 0.6 0.03
0.1 0.37 0.48 0.05
0.12 0.33 0.5 0.05
0.13 0.37 0.46 0.04
0.15 0.36 0.44 0.05
0.17 0.34 0.44 0.05
0.18 0.36 0.42 0.04
0.09 0.21 0.66 0.04
0.03 0.18 0.75 0.04
0.04 0.32 0.61 0.03
0.07 0.26 0.63 0.04
0.09 0.28 0.6 0.03
0.1 0.37 0.48 0.05
0.12 0.33 0.5 0.05
0.13 0.37 0.46 0.04
0.15 0.36 0.44 0.05
0.17 0.34 0.44 0.05
0.18 0.36 0.42 0.04
0.09 0.21 0.66 0.04
0.03 0.18 0.75 0.04
0.04 0.32 0.61 0.03
0.07 0.26 0.63 0.04
0.09 0.28 0.6 0.03
0.1 0.37 0.48 0.05
0.12 0.33 0.5 0.05
0.13 0.37 0.46 0.04
0.15 0.36 0.44 0.05
0.17 0.34 0.44 0.05
0.18 0.36 0.42 0.04
0.09 0.21 0.66 0.04
0.03 0.18 0.75 0.04
0.04 0.32 0.61 0.03
0.07 0.26 0.63 0.04
0.09 0.28 0.6 0.03
0.1 0.37 0.48 0.05
0.12 0.33 0.5 0.05
0.13 0.37 0.46 0.04
0.15 0.36 0.44 0.05
0.17 0.34 0.44 0.05
0.18 0.36 0.42 0.04
0.09 0.21 0.66 0.04
0.03 0.18 0.75 0.04
0.04 0.32 0.61 0.03
0.07 0.26 0.63 0.04
0.09 0.28 0.6 0.03
0.1 0.37 0.48 0.05
0.12 0.33 0.5 0.05
0.13 0.37 0.46 0.04
0.15 0.36 0.44 0.05
0.17 0.34 0.44 0.05
0.18 0.36 0.42 0.04
0.09 0.21 0.66 0.04
0.03 0.19 0.74 0.04
0.05 0.27 0.64 0.04
0.07 0.27 0.62 0.04
0.09 0.29 0.59 0.03
0.11 0.3 0.55 0.04
0.12 0.33 0.51 0.04
0.14 0.32 0.49 0.05
0.16 0.3 0.49 0.05
0.17 0.34 0.45 0.04
0.19 0.32 0.44 0.05
0.07 0.27 0.62 0.04
0.03 0.19 0.74 0.04
0.05 0.27 0.64 0.04
0.07 0.27 0.62 0.04
0.09 0.29 0.59 0.03
0.11 0.3 0.55 0.04
0.12 0.33 0.51 0.04
0.14 0.32 0.49 0.05
0.16 0.3 0.49 0.05
0.17 0.34 0.45 0.04
0.19 0.32 0.44 0.05
0.07 0.27 0.62 0.04
0.03 0.19 0.74 0.04
0.05 0.27 0.64 0.04
0.07 0.27 0.62 0.04
0.09 0.29 0.59 0.03
0.11 0.3 0.55 0.04
0.12 0.33 0.51 0.04
0.14 0.32 0.49 0.05
0.16 0.3 0.49 0.05
0.17 0.34 0.45 0.04
0.19 0.32 0.44 0.05
0.07 0.27 0.62 0.04
0.03 0.19 0.74 0.04
0.05 0.27 0.64 0.04
0.07 0.27 0.62 0.04
0.09 0.29 0.59 0.03
0.11 0.3 0.55 0.04
0.12 0.33 0.51 0.04
0.14 0.32 0.49 0.05
0.16 0.3 0.49 0.05
0.17 0.34 0.45 0.04
0.19 0.32 0.44 0.05
0.07 0.27 0.62 0.04
0.03 0.19 0.74 0.04
0.05 0.27 0.64 0.04
0.07 0.27 0.62 0.04
0.09 0.29 0.59 0.03
0.11 0.3 0.55 0.04
0.12 0.33 0.51 0.04
0.14 0.32 0.49 0.05
0.16 0.3 0.49 0.05
0.17 0.34 0.45 0.04
0.19 0.32 0.44 0.05
0.07 0.27 0.62 0.04
0.03 0.19 0.74 0.04
0.05 0.27 0.64 0.04
0.07 0.27 0.62 0.04
0.09 0.29 0.59 0.03
0.11 0.3 0.55 0.04
0.12 0.33 0.51 0.04
0.14 0.32 0.49 0.05
0.16 0.3 0.49 0.05
0.17 0.34 0.45 0.04
0.19 0.32 0.44 0.05
0.07 0.27 0.62 0.04
0.03 0.19 0.74 0.04
0.05 0.27 0.64 0.04
0.07 0.27 0.62 0.04
0.09 0.29 0.59 0.03
0.11 0.3 0.55 0.04
0.12 0.33 0.51 0.04
0.14 0.32 0.49 0.05
0.16 0.3 0.49 0.05
0.17 0.34 0.45 0.04
0.19 0.32 0.44 0.05
0.07 0.27 0.62 0.04
0.03 0.19 0.74 0.04
0.05 0.27 0.64 0.04
0.07 0.27 0.62 0.04
0.09 0.29 0.59 0.03
0.11 0.3 0.55 0.04
0.12 0.33 0.51 0.04
0.14 0.32 0.49 0.05
0.16 0.3 0.49 0.05
0.17 0.34 0.45 0.04
0.19 0.32 0.44 0.05
0.07 0.27 0.62 0.04
0.03 0.19 0.74 0.04
0.05 0.27 0.64 0.04
0.07 0.27 0.62 0.04
0.09 0.29 0.59 0.03
0.11 0.3 0.55 0.04
0.12 0.33 0.51 0.04
0.14 0.32 0.49 0.05
0.16 0.3 0.49 0.05
0.17 0.35 0.43 0.05
0.19 0.32 0.44 0.05
0.07 0.27 0.62 0.04
0.03 0.19 0.74 0.04
0.05 0.27 0.64 0.04
0.07 0.27 0.62 0.04
0.09 0.29 0.59 0.03
0.11 0.3 0.55 0.04
0.12 0.33 0.51 0.04
0.14 0.32 0.49 0.05
0.16 0.3 0.49 0.05
0.17 0.35 0.43 0.05
0.19 0.32 0.44 0.05
0.07 0.27 0.62 0.04
0.03 0.19 0.74 0.04
0.05 0.27 0.64 0.04
0.07 0.27 0.62 0.04
0.09 0.29 0.59 0.03
0.11 0.3 0.55 0.04
0.12 0.33 0.51 0.04
0.14 0.32 0.49 0.05
0.16 0.3 0.49 0.05
0.17 0.35 0.43 0.05
0.19 0.32 0.44 0.05
0.07 0.27 0.62 0.04
0.03 0.19 0.74 0.04
0.05 0.27 0.64 0.04
0.07 0.27 0.62 0.04
0.09 0.29 0.59 0.03
0.11 0.3 0.55 0.04
0.12 0.33 0.51 0.04
0.14 0.32 0.49 0.05
0.16 0.3 0.49 0.05
0.17 0.35 0.43 0.05
0.19 0.32 0.44 0.05
0.07 0.27 0.62 0.04
0.03 0.19 0.74 0.04
0.05 0.27 0.64 0.04
0.07 0.27 0.62 0.04
0.09 0.29 0.59 0.03
0.11 0.3 0.55 0.04
0.12 0.33 0.51 0.04
0.14 0.32 0.49 0.05
0.16 0.3 0.49 0.05
0.17 0.35 0.43 0.05
0.19 0.32 0.44 0.05
0.07 0.27 0.62 0.04
0.03 0.19 0.74 0.04
0.05 0.27 0.64 0.04
0.07 0.27 0.62 0.04
0.09 0.29 0.59 0.03
0.11 0.3 0.55 0.04
0.12 0.33 0.51 0.04
0.14 0.32 0.49 0.05
0.16 0.3 0.49 0.05
0.17 0.35 0.43 0.05
0.19 0.32 0.44 0.05
0.07 0.27 0.62 0.04
0.03 0.19 0.74 0.04
0.05 0.27 0.64 0.04
0.07 0.27 0.62 0.04
0.09 0.29 0.59 0.03
0.11 0.3 0.55 0.04
0.12 0.33 0.51 0.04
0.14 0.32 0.49 0.05
0.16 0.3 0.49 0.05
0.17 0.35 0.43 0.05
0.19 0.32 0.44 0.05
0.07 0.27 0.62 0.04
0.03 0.19 0.74 0.04
0.05 0.27 0.64 0.04
0.07 0.27 0.62 0.04
0.09 0.29 0.59 0.03
0.11 0.3 0.55 0.04
0.12 0.33 0.51 0.04
0.14 0.32 0.49 0.05
0.16 0.3 0.49 0.05
0.17 0.35 0.43 0.05
0.19 0.32 0.44 0.05
0.07 0.27 0.62 0.04
0.03 0.19 0.74 0.04
0.05 0.27 0.64 0.04
0.07 0.27 0.62 0.04
0.09 0.29 0.59 0.03
0.11 0.3 0.55 0.04
0.12 0.33 0.51 0.04
0.14 0.32 0.49 0.05
0.16 0.3 0.49 0.05
0.17 0.35 0.43 0.05
0.19 0.32 0.44 0.05
0.07 0.27 0.62 0.04
0.03 0.19 0.74 0.04
0.05 0.27 0.64 0.04
0.07 0.27 0.62 0.04
0.09 0.29 0.59 0.03
0.11 0.3 0.55 0.04
0.12 0.33 0.51 0.04
0.14 0.32 0.49 0.05
0.16 0.3 0.49 0.05
0.17 0.35 0.43 0.05
0.19 0.32 0.44 0.05
0.07 0.27 0.62 0.04
0.03 0.19 0.74 0.04
0.05 0.27 0.64 0.04
0.07 0.27 0.62 0.04
0.09 0.29 0.59 0.03
0.11 0.3 0.55 0.04
0.12 0.33 0.51 0.04
0.14 0.32 0.49 0.05
0.16 0.3 0.49 0.05
0.17 0.35 0.43 0.05
0.19 0.32 0.44 0.05
0.07 0.27 0.62 0.04
0.03 0.19 0.74 0.04
0.05 0.27 0.64 0.04
0.07 0.27 0.62 0.04
0.09 0.29 0.59 0.03
0.11 0.3 0.55 0.04
0.12 0.33 0.51 0.04
0.14 0.32 0.49 0.05
0.16 0.3 0.49 0.05
0.17 0.35 0.43 0.05
0.19 0.32 0.44 0.05
0.07 0.27 0.62 0.04
0.03 0.19 0.74 0.04
0.05 0.27 0.64 0.04
0.07 0.27 0.62 0.04
0.09 0.29 0.59 0.03
0.11 0.3 0.55 0.04
0.12 0.33 0.51 0.04
0.14 0.32 0.49 0.05
0.16 0.3 0.49 0.05
0.17 0.35 0.43 0.05
0.19 0.32 0.44 0.05
0.07 0.27 0.62 0.04
0.03 0.19 0.74 0.04
0.05 0.27 0.64 0.04
0.07 0.27 0.62 0.04
0.09 0.29 0.59 0.03
0.11 0.3 0.55 0.04
0.12 0.33 0.51 0.04
0.14 0.32 0.49 0.05
0.16 0.3 0.49 0.05
0.17 0.35 0.43 0.05
0.19 0.32 0.44 0.05
0.07 0.27 0.62 0.04
0.03 0.19 0.74 0.04
0.05 0.27 0.64 0.04
0.07 0.27 0.62 0.04
0.09 0.29 0.59 0.03
0.11 0.3 0.55 0.04
0.12 0.33 0.51 0.04
0.14 0.32 0.49 0.05
0.16 0.3 0.49 0.05
0.17 0.35 0.43 0.05
0.19 0.32 0.44 0.05
0.07 0.27 0.62 0.04
0.03 0.19 0.74 0.04
0.05 0.27 0.64 0.04
0.07 0.27 0.62 0.04
0.09 0.29 0.59 0.03
0.11 0.3 0.55 0.04
0.12 0.33 0.51 0.04
0.14 0.32 0.49 0.05
0.16 0.3 0.49 0.05
0.17 0.35 0.43 0.05
0.19 0.32 0.44 0.05
0.07 0.27 0.62 0.04
0.03 0.19 0.74 0.04
0.05 0.27 0.64 0.04
0.07 0.27 0.62 0.04
0.09 0.29 0.59 0.03
0.11 0.3 0.55 0.04
0.12 0.33 0.51 0.04
0.14 0.32 0.49 0.05
0.16 0.3 0.49 0.05
0.17 0.35 0.43 0.05
0.19 0.32 0.44 0.05
0.07 0.27 0.62 0.04
0.03 0.19 0.74 0.04
0.05 0.27 0.64 0.04
0.07 0.27 0.62 0.04
0.09 0.29 0.59 0.03
0.11 0.3 0.55 0.04
0.12 0.33 0.51 0.04
0.14 0.32 0.49 0.05
0.16 0.3 0.49 0.05
0.17 0.35 0.43 0.05
0.19 0.32 0.44 0.05
0.07 0.27 0.62 0.04
0.03 0.19 0.74 0.04
0.05 0.27 0.64 0.04
0.07 0.27 0.62 0.04
0.09 0.29 0.59 0.03
0.11 0.3 0.55 0.04
0.12 0.33 0.51 0.04
0.14 0.32 0.49 0.05
0.16 0.3 0.49 0.05
0.17 0.35 0.43 0.05
0.19 0.32 0.44 0.05
0.07 0.27 0.62 0.04
0.03 0.19 0.74 0.04
0.05 0.27 0.64 0.04
0.07 0.27 0.62 0.04
0.09 0.29 0.59 0.03
0.11 0.3 0.55 0.04
0.12 0.33 0.51 0.04
0.14 0.32 0.49 0.05
0.16 0.3 0.49 0.05
0.17 0.35 0.43 0.05
0.19 0.32 0.44 0.05
0.07 0.27 0.62 0.04
0.03 0.19 0.74 0.04
0.05 0.27 0.64 0.04
0.07 0.27 0.62 0.04
0.09 0.29 0.59 0.03
0.11 0.3 0.55 0.04
0.12 0.33 0.51 0.04
0.14 0.32 0.49 0.05
0.16 0.3 0.49 0.05
0.17 0.35 0.43 0.05
0.19 0.32 0.44 0.05
0.07 0.27 0.62 0.04
0.04 0.2 0.73 0.03
0.05 0.17 0.74 0.04
0.05 0.21 0.7 0.04
0.05 0.24 0.67 0.04
0.06 0.21 0.69 0.04
0.06 0.23 0.67 0.04
0.06 0.25 0.65 0.04
0.07 0.25 0.64 0.04
0.07 0.27 0.62 0.04
0.08 0.24 0.64 0.04
0.17 0.35 0.43 0.05