0.34 0.11 0.1 0.09 0.08 0.07 0.06 0.05 0.04 0.03 0.02 0.01
0.34 0.11 0.1 0.09 0.08 0.07 0.06 0.05 0.04 0.03 0.02 0.01
0.23 0.22 0.1 0.09 0.08 0.07 0.06 0.05 0.04 0.03 0.02 0.01
0.16 0.24 0.15 0.09 0.08 0.07 0.06 0.05 0.04 0.03 0.02 0.01
0.14 0.22 0.19 0.09 0.08 0.07 0.06 0.05 0.04 0.03 0.02 0.01
0.12 0.24 0.19 0.09 0.08 0.07 0.06 0.05 0.04 0.03 0.02 0.01
0.11 0.22 0.21 0.1 0.08 0.07 0.06 0.05 0.04 0.03 0.02 0.01
0.11 0.18 0.19 0.15 0.09 0.07 0.06 0.05 0.04 0.03 0.02 0.01
0.11 0.17 0.2 0.14 0.1 0.07 0.06 0.05 0.04 0.03 0.02 0.01
0.11 0.16 0.19 0.18 0.08 0.07 0.06 0.05 0.04 0.03 0.02 0.01
0.07 0.09 0.1 0.13 0.32 0.08 0.06 0.05 0.04 0.03 0.02 0.01
0.07 0.34 0.11 0.1 0.09 0.08 0.06 0.05 0.04 0.03 0.02 0.01
0.07 0.34 0.11 0.1 0.09 0.08 0.06 0.05 0.04 0.03 0.02 0.01
0.07 0.34 0.11 0.1 0.09 0.08 0.06 0.05 0.04 0.03 0.02 0.01
0.07 0.34 0.11 0.1 0.09 0.08 0.06 0.05 0.04 0.03 0.02 0.01
0.07 0.34 0.11 0.1 0.09 0.08 0.06 0.05 0.04 0.03 0.02 0.01
0.07 0.28 0.17 0.1 0.09 0.08 0.06 0.05 0.04 0.03 0.02 0.01
0.07 0.25 0.2 0.1 0.09 0.08 0.06 0.05 0.04 0.03 0.02 0.01
0.07 0.23 0.22 0.1 0.09 0.08 0.06 0.05 0.04 0.03 0.02 0.01
0.07 0.22 0.18 0.15 0.09 0.08 0.06 0.05 0.04 0.03 0.02 0.01
0.07 0.2 0.21 0.13 0.1 0.08 0.06 0.05 0.04 0.03 0.02 0.01
0.09 0.07 0.1 0.13 0.32 0.08 0.06 0.05 0.04 0.03 0.02 0.01
0.34 0.1 0.11 0.09 0.08 0.07 0.06 0.05 0.04 0.03 0.02 0.01
0.22 0.07 0.23 0.1 0.09 0.08 0.06 0.05 0.04 0.03 0.02 0.01
0.16 0.07 0.29 0.1 0.09 0.08 0.06 0.05 0.04 0.03 0.02 0.01
0.13 0.07 0.32 0.1 0.09 0.08 0.06 0.05 0.04 0.03 0.02 0.01
0.11 0.07 0.34 0.1 0.09 0.08 0.06 0.05 0.04 0.03 0.02 0.01
0.1 0.07 0.34 0.11 0.09 0.08 0.06 0.05 0.04 0.03 0.02 0.01
0.1 0.07 0.33 0.12 0.09 0.08 0.06 0.05 0.04 0.03 0.02 0.01
0.09 0.07 0.31 0.14 0.1 0.08 0.06 0.05 0.04 0.03 0.02 0.01
0.09 0.07 0.29 0.16 0.1 0.08 0.06 0.05 0.04 0.03 0.02 0.01
0.09 0.07 0.29 0.16 0.1 0.08 0.06 0.05 0.04 0.03 0.02 0.01
0.09 0.1 0.07 0.13 0.32 0.08 0.06 0.05 0.04 0.03 0.02 0.01
0.34 0.1 0.09 0.11 0.08 0.07 0.06 0.05 0.04 0.03 0.02 0.01
0.23 0.1 0.07 0.22 0.09 0.08 0.06 0.05 0.04 0.03 0.02 0.01
0.17 0.1 0.07 0.28 0.09 0.08 0.06 0.05 0.04 0.03 0.02 0.01
0.15 0.1 0.07 0.3 0.09 0.08 0.06 0.05 0.04 0.03 0.02 0.01
0.12 0.09 0.07 0.33 0.1 0.08 0.06 0.05 0.04 0.03 0.02 0.01
0.12 0.09 0.07 0.3 0.13 0.08 0.06 0.05 0.04 0.03 0.02 0.01
0.11 0.09 0.07 0.34 0.1 0.08 0.06 0.05 0.04 0.03 0.02 0.01
0.11 0.09 0.07 0.31 0.13 0.08 0.06 0.05 0.04 0.03 0.02 0.01
0.1 0.09 0.07 0.34 0.11 0.08 0.06 0.05 0.04 0.03 0.02 0.01
0.11 0.09 0.07 0.31 0.13 0.08 0.06 0.05 0.04 0.03 0.02 0.01
0.07 0.09 0.27 0.1 0.18 0.08 0.06 0.05 0.04 0.03 0.02 0.01
0.34 0.11 0.09 0.08 0.1 0.07 0.06 0.05 0.04 0.03 0.02 0.01
0.23 0.15 0.09 0.07 0.17 0.08 0.06 0.05 0.04 0.03 0.02 0.01
0.17 0.16 0.09 0.07 0.22 0.08 0.06 0.05 0.04 0.03 0.02 0.01
0.15 0.16 0.09 0.07 0.24 0.08 0.06 0.05 0.04 0.03 0.02 0.01
0.13 0.12 0.09 0.07 0.3 0.08 0.06 0.05 0.04 0.03 0.02 0.01
0.13 0.12 0.09 0.07 0.3 0.08 0.06 0.05 0.04 0.03 0.02 0.01
0.12 0.13 0.09 0.07 0.3 0.08 0.06 0.05 0.04 0.03 0.02 0.01
0.12 0.11 0.09 0.07 0.32 0.08 0.06 0.05 0.04 0.03 0.02 0.01
0.12 0.1 0.09 0.07 0.33 0.08 0.06 0.05 0.04 0.03 0.02 0.01
0.12 0.11 0.1 0.07 0.31 0.08 0.06 0.05 0.04 0.03 0.02 0.01
0.07 0.09 0.11 0.34 0.1 0.08 0.06 0.05 0.04 0.03 0.02 0.01
0.34 0.11 0.1 0.09 0.07 0.08 0.06 0.05 0.04 0.03 0.02 0.01
0.23 0.22 0.1 0.09 0.07 0.08 0.06 0.05 0.04 0.03 0.02 0.01
0.16 0.25 0.14 0.09 0.07 0.08 0.06 0.05 0.04 0.03 0.02 0.01
0.14 0.23 0.18 0.09 0.07 0.08 0.06 0.05 0.04 0.03 0.02 0.01
0.12 0.25 0.18 0.09 0.07 0.08 0.06 0.05 0.04 0.03 0.02 0.01
0.12 0.18 0.21 0.13 0.07 0.08 0.06 0.05 0.04 0.03 0.02 0.01
0.11 0.18 0.21 0.14 0.07 0.08 0.06 0.05 0.04 0.03 0.02 0.01
0.11 0.18 0.19 0.14 0.09 0.08 0.06 0.05 0.04 0.03 0.02 0.01
0.11 0.17 0.2 0.13 0.1 0.08 0.06 0.05 0.04 0.03 0.02 0.01
0.11 0.16 0.2 0.15 0.09 0.08 0.06 0.05 0.04 0.03 0.02 0.01
0.07 0.09 0.1 0.13 0.32 0.08 0.06 0.05 0.04 0.03 0.02 0.01
0.34 0.11 0.1 0.09 0.08 0.07 0.06 0.05 0.04 0.03 0.02 0.01
0.23 0.22 0.1 0.09 0.08 0.07 0.06 0.05 0.04 0.03 0.02 0.01
0.16 0.25 0.14 0.09 0.08 0.07 0.06 0.05 0.04 0.03 0.02 0.01
0.14 0.23 0.17 0.1 0.08 0.07 0.06 0.05 0.04 0.03 0.02 0.01
0.12 0.25 0.17 0.1 0.08 0.07 0.06 0.05 0.04 0.03 0.02 0.01
0.12 0.18 0.2 0.14 0.08 0.07 0.06 0.05 0.04 0.03 0.02 0.01
0.11 0.18 0.2 0.15 0.08 0.07 0.06 0.05 0.04 0.03 0.02 0.01
0.11 0.17 0.21 0.15 0.08 0.07 0.06 0.05 0.04 0.03 0.02 0.01
0.11 0.17 0.19 0.15 0.1 0.07 0.06 0.05 0.04 0.03 0.02 0.01
0.11 0.16 0.2 0.13 0.12 0.07 0.06 0.05 0.04 0.03 0.02 0.01
0.07 0.09 0.1 0.13 0.32 0.08 0.06 0.05 0.04 0.03 0.02 0.01
0.34 0.11 0.1 0.09 0.08 0.07 0.06 0.05 0.04 0.03 0.02 0.01
0.23 0.22 0.1 0.09 0.08 0.07 0.06 0.05 0.04 0.03 0.02 0.01
0.16 0.25 0.14 0.09 0.08 0.07 0.06 0.05 0.04 0.03 0.02 0.01
0.14 0.23 0.17 0.1 0.08 0.07 0.06 0.05 0.04 0.03 0.02 0.01
0.12 0.25 0.17 0.1 0.08 0.07 0.06 0.05 0.04 0.03 0.02 0.01
0.12 0.18 0.2 0.14 0.08 0.07 0.06 0.05 0.04 0.03 0.02 0.01
0.11 0.18 0.2 0.15 0.08 0.07 0.06 0.05 0.04 0.03 0.02 0.01
0.11 0.17 0.21 0.14 0.09 0.07 0.06 0.05 0.04 0.03 0.02 0.01
0.11 0.17 0.19 0.15 0.1 0.07 0.06 0.05 0.04 0.03 0.02 0.01
0.11 0.16 0.17 0.2 0.08 0.07 0.06 0.05 0.04 0.03 0.02 0.01
0.07 0.09 0.1 0.13 0.32 0.08 0.06 0.05 0.04 0.03 0.02 0.01
0.34 0.11 0.1 0.09 0.08 0.07 0.06 0.05 0.04 0.03 0.02 0.01
0.23 0.22 0.1 0.09 0.08 0.07 0.06 0.05 0.04 0.03 0.02 0.01
0.16 0.25 0.14 0.09 0.08 0.07 0.06 0.05 0.04 0.03 0.02 0.01
0.14 0.22 0.19 0.09 0.08 0.07 0.06 0.05 0.04 0.03 0.02 0.01
0.12 0.24 0.19 0.09 0.08 0.07 0.06 0.05 0.04 0.03 0.02 0.01
0.12 0.18 0.2 0.13 0.09 0.07 0.06 0.05 0.04 0.03 0.02 0.01
0.11 0.18 0.2 0.14 0.09 0.07 0.06 0.05 0.04 0.03 0.02 0.01
0.11 0.17 0.2 0.16 0.08 0.07 0.06 0.05 0.04 0.03 0.02 0.01
0.11 0.16 0.21 0.15 0.09 0.07 0.06 0.05 0.04 0.03 0.02 0.01
0.11 0.16 0.18 0.17 0.1 0.07 0.06 0.05 0.04 0.03 0.02 0.01
0.07 0.09 0.1 0.13 0.32 0.08 0.06 0.05 0.04 0.03 0.02 0.01
0.34 0.11 0.1 0.09 0.08 0.07 0.06 0.05 0.04 0.03 0.02 0.01
0.23 0.22 0.1 0.09 0.08 0.07 0.06 0.05 0.04 0.03 0.02 0.01
0.16 0.25 0.14 0.09 0.08 0.07 0.06 0.05 0.04 0.03 0.02 0.01
0.14 0.22 0.19 0.09 0.08 0.07 0.06 0.05 0.04 0.03 0.02 0.01
0.12 0.24 0.19 0.09 0.08 0.07 0.06 0.05 0.04 0.03 0.02 0.01
0.12 0.18 0.19 0.15 0.08 0.07 0.06 0.05 0.04 0.03 0.02 0.01
0.11 0.18 0.2 0.14 0.09 0.07 0.06 0.05 0.04 0.03 0.02 0.01
0.11 0.17 0.2 0.16 0.08 0.07 0.06 0.05 0.04 0.03 0.02 0.01
0.11 0.17 0.18 0.16 0.1 0.07 0.06 0.05 0.04 0.03 0.02 0.01
0.11 0.16 0.18 0.17 0.1 0.07 0.06 0.05 0.04 0.03 0.02 0.01
0.07 0.09 0.1 0.13 0.32 0.08 0.06 0.05 0.04 0.03 0.02 0.01
0.34 0.11 0.1 0.09 0.08 0.07 0.06 0.05 0.04 0.03 0.02 0.01
0.23 0.22 0.1 0.09 0.08 0.07 0.06 0.05 0.04 0.03 0.02 0.01
0.16 0.25 0.14 0.09 0.08 0.07 0.06 0.05 0.04 0.03 0.02 0.01
0.14 0.22 0.19 0.09 0.08 0.07 0.06 0.05 0.04 0.03 0.02 0.01
0.12 0.24 0.19 0.09 0.08 0.07 0.06 0.05 0.04 0.03 0.02 0.01
0.12 0.18 0.19 0.15 0.08 0.07 0.06 0.05 0.04 0.03 0.02 0.01
0.11 0.18 0.19 0.16 0.08 0.07 0.06 0.05 0.04 0.03 0.02 0.01
0.11 0.17 0.2 0.16 0.08 0.07 0.06 0.05 0.04 0.03 0.02 0.01
0.11 0.17 0.18 0.16 0.1 0.07 0.06 0.05 0.04 0.03 0.02 0.01
0.11 0.16 0.18 0.17 0.1 0.07 0.06 0.05 0.04 0.03 0.02 0.01
0.07 0.09 0.1 0.13 0.32 0.08 0.06 0.05 0.04 0.03 0.02 0.01
0.34 0.11 0.1 0.09 0.08 0.07 0.06 0.05 0.04 0.03 0.02 0.01
0.23 0.22 0.1 0.09 0.08 0.07 0.06 0.05 0.04 0.03 0.02 0.01
0.16 0.25 0.13 0.1 0.08 0.07 0.06 0.05 0.04 0.03 0.02 0.01
0.14 0.22 0.19 0.09 0.08 0.07 0.06 0.05 0.04 0.03 0.02 0.01
0.12 0.24 0.19 0.09 0.08 0.07 0.06 0.05 0.04 0.03 0.02 0.01
0.11 0.22 0.21 0.1 0.08 0.07 0.06 0.05 0.04 0.03 0.02 0.01
0.11 0.18 0.19 0.16 0.08 0.07 0.06 0.05 0.04 0.03 0.02 0.01
0.11 0.17 0.2 0.15 0.09 0.07 0.06 0.05 0.04 0.03 0.02 0.01
0.11 0.16 0.19 0.18 0.08 0.07 0.06 0.05 0.04 0.03 0.02 0.01
0.11 0.16 0.18 0.17 0.09 0.08 0.06 0.05 0.04 0.03 0.02 0.01
0.07 0.09 0.1 0.13 0.32 0.08 0.06 0.05 0.04 0.03 0.02 0.01
0.34 0.1 0.11 0.09 0.08 0.07 0.06 0.05 0.04 0.03 0.02 0.01
0.34 0.1 0.11 0.09 0.08 0.07 0.06 0.05 0.04 0.03 0.02 0.01
0.23 0.09 0.22 0.1 0.08 0.07 0.06 0.05 0.04 0.03 0.02 0.01
0.16 0.07 0.29 0.1 0.09 0.08 0.06 0.05 0.04 0.03 0.02 0.01
0.14 0.07 0.31 0.1 0.09 0.08 0.06 0.05 0.04 0.03 0.02 0.01
0.13 0.07 0.27 0.15 0.09 0.08 0.06 0.05 0.04 0.03 0.02 0.01
0.12 0.08 0.27 0.16 0.09 0.07 0.06 0.05 0.04 0.03 0.02 0.01
0.11 0.07 0.27 0.16 0.1 0.08 0.06 0.05 0.04 0.03 0.02 0.01
0.11 0.08 0.26 0.17 0.1 0.07 0.06 0.05 0.04 0.03 0.02 0.01
0.11 0.08 0.25 0.16 0.12 0.07 0.06 0.05 0.04 0.03 0.02 0.01
0.07 0.1 0.09 0.13 0.32 0.08 0.06 0.05 0.04 0.03 0.02 0.01
0.34 0.1 0.09 0.11 0.08 0.07 0.06 0.05 0.04 0.03 0.02 0.01
0.34 0.1 0.09 0.11 0.08 0.07 0.06 0.05 0.04 0.03 0.02 0.01
0.23 0.1 0.07 0.22 0.09 0.08 0.06 0.05 0.04 0.03 0.02 0.01
0.18 0.1 0.07 0.27 0.09 0.08 0.06 0.05 0.04 0.03 0.02 0.01
0.14 0.1 0.07 0.31 0.09 0.08 0.06 0.05 0.04 0.03 0.02 0.01
0.13 0.1 0.07 0.32 0.09 0.08 0.06 0.05 0.04 0.03 0.02 0.01
0.12 0.1 0.07 0.33 0.09 0.08 0.06 0.05 0.04 0.03 0.02 0.01
0.12 0.09 0.07 0.26 0.17 0.08 0.06 0.05 0.04 0.03 0.02 0.01
0.12 0.1 0.07 0.25 0.17 0.08 0.06 0.05 0.04 0.03 0.02 0.01
0.12 0.1 0.07 0.24 0.18 0.08 0.06 0.05 0.04 0.03 0.02 0.01
0.07 0.1 0.13 0.09 0.32 0.08 0.06 0.05 0.04 0.03 0.02 0.01
0.34 0.11 0.09 0.08 0.1 0.07 0.06 0.05 0.04 0.03 0.02 0.01
0.34 0.11 0.09 0.08 0.1 0.07 0.06 0.05 0.04 0.03 0.02 0.01
0.23 0.22 0.09 0.08 0.1 0.07 0.06 0.05 0.04 0.03 0.02 0.01
0.18 0.23 0.09 0.07 0.14 0.08 0.06 0.05 0.04 0.03 0.02 0.01
0.14 0.22 0.09 0.07 0.19 0.08 0.06 0.05 0.04 0.03 0.02 0.01
0.13 0.18 0.09 0.07 0.24 0.08 0.06 0.05 0.04 0.03 0.02 0.01
0.12 0.18 0.09 0.07 0.25 0.08 0.06 0.05 0.04 0.03 0.02 0.01
0.12 0.17 0.09 0.07 0.26 0.08 0.06 0.05 0.04 0.03 0.02 0.01
0.12 0.1 0.11 0.08 0.31 0.07 0.06 0.05 0.04 0.03 0.02 0.01
0.12 0.11 0.1 0.09 0.29 0.08 0.06 0.05 0.04 0.03 0.02 0.01
0.07 0.09 0.1 0.34 0.11 0.08 0.06 0.05 0.04 0.03 0.02 0.01
0.34 0.11 0.1 0.09 0.07 0.08 0.06 0.05 0.04 0.03 0.02 0.01
0.34 0.11 0.1 0.09 0.07 0.08 0.06 0.05 0.04 0.03 0.02 0.01
0.23 0.21 0.11 0.09 0.07 0.08 0.06 0.05 0.04 0.03 0.02 0.01
0.18 0.22 0.15 0.09 0.07 0.08 0.06 0.05 0.04 0.03 0.02 0.01
0.14 0.2 0.19 0.11 0.07 0.08 0.06 0.05 0.04 0.03 0.02 0.01
0.13 0.17 0.19 0.12 0.1 0.08 0.06 0.05 0.04 0.03 0.02 0.01
0.12 0.17 0.18 0.15 0.09 0.08 0.06 0.05 0.04 0.03 0.02 0.01
0.12 0.16 0.19 0.15 0.09 0.08 0.06 0.05 0.04 0.03 0.02 0.01
0.11 0.17 0.18 0.16 0.09 0.08 0.06 0.05 0.04 0.03 0.02 0.01
0.11 0.16 0.19 0.15 0.1 0.08 0.06 0.05 0.04 0.03 0.02 0.01
0.07 0.09 0.1 0.13 0.32 0.08 0.06 0.05 0.04 0.03 0.02 0.01
0.34 0.11 0.1 0.09 0.08 0.07 0.06 0.05 0.04 0.03 0.02 0.01
0.34 0.11 0.1 0.09 0.08 0.07 0.06 0.05 0.04 0.03 0.02 0.01
0.23 0.21 0.11 0.09 0.08 0.07 0.06 0.05 0.04 0.03 0.02 0.01
0.18 0.22 0.15 0.09 0.08 0.07 0.06 0.05 0.04 0.03 0.02 0.01
0.14 0.2 0.19 0.11 0.08 0.07 0.06 0.05 0.04 0.03 0.02 0.01
0.13 0.16 0.2 0.15 0.08 0.07 0.06 0.05 0.04 0.03 0.02 0.01
0.12 0.16 0.19 0.17 0.08 0.07 0.06 0.05 0.04 0.03 0.02 0.01
0.12 0.16 0.18 0.17 0.09 0.07 0.06 0.05 0.04 0.03 0.02 0.01
0.11 0.16 0.19 0.18 0.08 0.07 0.06 0.05 0.04 0.03 0.02 0.01
0.11 0.16 0.18 0.17 0.1 0.07 0.06 0.05 0.04 0.03 0.02 0.01
0.07 0.09 0.1 0.13 0.32 0.08 0.06 0.05 0.04 0.03 0.02 0.01
0.34 0.11 0.1 0.09 0.08 0.07 0.06 0.05 0.04 0.03 0.02 0.01
0.34 0.11 0.1 0.09 0.08 0.07 0.06 0.05 0.04 0.03 0.02 0.01
0.23 0.21 0.11 0.09 0.08 0.07 0.06 0.05 0.04 0.03 0.02 0.01
0.18 0.22 0.15 0.09 0.08 0.07 0.06 0.05 0.04 0.03 0.02 0.01
0.14 0.2 0.18 0.12 0.08 0.07 0.06 0.05 0.04 0.03 0.02 0.01
0.13 0.16 0.2 0.14 0.09 0.07 0.06 0.05 0.04 0.03 0.02 0.01
0.12 0.16 0.19 0.17 0.08 0.07 0.06 0.05 0.04 0.03 0.02 0.01
0.12 0.16 0.17 0.18 0.09 0.07 0.06 0.05 0.04 0.03 0.02 0.01
0.11 0.16 0.19 0.18 0.08 0.07 0.06 0.05 0.04 0.03 0.02 0.01
0.11 0.16 0.18 0.17 0.1 0.07 0.06 0.05 0.04 0.03 0.02 0.01
0.07 0.09 0.1 0.13 0.32 0.08 0.06 0.05 0.04 0.03 0.02 0.01
0.34 0.11 0.1 0.09 0.08 0.07 0.06 0.05 0.04 0.03 0.02 0.01
0.34 0.11 0.1 0.09 0.08 0.07 0.06 0.05 0.04 0.03 0.02 0.01
0.23 0.2 0.12 0.09 0.08 0.07 0.06 0.05 0.04 0.03 0.02 0.01
0.18 0.21 0.16 0.09 0.08 0.07 0.06 0.05 0.04 0.03 0.02 0.01
0.14 0.2 0.18 0.12 0.08 0.07 0.06 0.05 0.04 0.03 0.02 0.01
0.13 0.16 0.19 0.15 0.09 0.07 0.06 0.05 0.04 0.03 0.02 0.01
0.12 0.16 0.19 0.15 0.1 0.07 0.06 0.05 0.04 0.03 0.02 0.01
0.12 0.16 0.17 0.18 0.09 0.07 0.06 0.05 0.04 0.03 0.02 0.01
0.11 0.16 0.2 0.15 0.1 0.07 0.06 0.05 0.04 0.03 0.02 0.01
0.11 0.16 0.18 0.17 0.09 0.08 0.06 0.05 0.04 0.03 0.02 0.01
0.07 0.09 0.1 0.13 0.32 0.08 0.06 0.05 0.04 0.03 0.02 0.01
0.34 0.11 0.1 0.09 0.08 0.07 0.06 0.05 0.04 0.03 0.02 0.01
0.34 0.11 0.1 0.09 0.08 0.07 0.06 0.05 0.04 0.03 0.02 0.01
0.23 0.2 0.12 0.09 0.08 0.07 0.06 0.05 0.04 0.03 0.02 0.01
0.18 0.21 0.16 0.09 0.08 0.07 0.06 0.05 0.04 0.03 0.02 0.01
0.15 0.23 0.17 0.09 0.08 0.07 0.06 0.05 0.04 0.03 0.02 0.01
0.13 0.16 0.19 0.15 0.09 0.07 0.06 0.05 0.04 0.03 0.02 0.01
0.12 0.16 0.19 0.15 0.1 0.07 0.06 0.05 0.04 0.03 0.02 0.01
0.12 0.16 0.18 0.15 0.11 0.07 0.06 0.05 0.04 0.03 0.02 0.01
0.11 0.16 0.19 0.17 0.09 0.07 0.06 0.05 0.04 0.03 0.02 0.01
0.11 0.16 0.17 0.18 0.1 0.07 0.06 0.05 0.04 0.03 0.02 0.01
0.07 0.09 0.1 0.13 0.32 0.08 0.06 0.05 0.04 0.03 0.02 0.01
0.34 0.11 0.1 0.09 0.08 0.07 0.06 0.05 0.04 0.03 0.02 0.01
0.34 0.11 0.1 0.09 0.08 0.07 0.06 0.05 0.04 0.03 0.02 0.01
0.23 0.2 0.12 0.09 0.08 0.07 0.06 0.05 0.04 0.03 0.02 0.01
0.18 0.21 0.16 0.09 0.08 0.07 0.06 0.05 0.04 0.03 0.02 0.01
0.15 0.23 0.17 0.09 0.08 0.07 0.06 0.05 0.04 0.03 0.02 0.01
0.13 0.16 0.18 0.17 0.08 0.07 0.06 0.05 0.04 0.03 0.02 0.01
0.13 0.15 0.18 0.17 0.09 0.07 0.06 0.05 0.04 0.03 0.02 0.01
0.12 0.15 0.19 0.17 0.09 0.07 0.06 0.05 0.04 0.03 0.02 0.01
0.11 0.16 0.19 0.17 0.09 0.07 0.06 0.05 0.04 0.03 0.02 0.01
0.11 0.16 0.17 0.18 0.1 0.07 0.06 0.05 0.04 0.03 0.02 0.01
0.07 0.09 0.1 0.13 0.32 0.08 0.06 0.05 0.04 0.03 0.02 0.01
0.34 0.11 0.1 0.09 0.08 0.07 0.06 0.05 0.04 0.03 0.02 0.01
0.34 0.11 0.1 0.09 0.08 0.07 0.06 0.05 0.04 0.03 0.02 0.01
0.23 0.19 0.13 0.09 0.08 0.07 0.06 0.05 0.04 0.03 0.02 0.01
0.18 0.21 0.16 0.09 0.08 0.07 0.06 0.05 0.04 0.03 0.02 0.01
0.15 0.23 0.17 0.09 0.08 0.07 0.06 0.05 0.04 0.03 0.02 0.01
0.12 0.22 0.21 0.09 0.08 0.07 0.06 0.05 0.04 0.03 0.02 0.01
0.12 0.2 0.22 0.1 0.08 0.07 0.06 0.05 0.04 0.03 0.02 0.01
0.12 0.15 0.19 0.17 0.09 0.07 0.06 0.05 0.04 0.03 0.02 0.01
0.11 0.15 0.21 0.16 0.09 0.07 0.06 0.05 0.04 0.03 0.02 0.01
0.11 0.15 0.19 0.18 0.09 0.07 0.06 0.05 0.04 0.03 0.02 0.01
0.07 0.09 0.1 0.13 0.32 0.08 0.06 0.05 0.04 0.03 0.02 0.01
0.34 0.11 0.09 0.1 0.08 0.07 0.06 0.05 0.04 0.03 0.02 0.01
0.34 0.11 0.09 0.1 0.08 0.07 0.06 0.05 0.04 0.03 0.02 0.01
0.23 0.22 0.09 0.1 0.08 0.07 0.06 0.05 0.04 0.03 0.02 0.01
0.15 0.3 0.09 0.1 0.08 0.07 0.06 0.05 0.04 0.03 0.02 0.01
0.13 0.29 0.1 0.12 0.08 0.07 0.06 0.05 0.04 0.03 0.02 0.01
0.12 0.25 0.08 0.17 0.1 0.07 0.06 0.05 0.04 0.03 0.02 0.01
0.11 0.23 0.1 0.19 0.09 0.07 0.06 0.05 0.04 0.03 0.02 0.01
0.11 0.18 0.09 0.24 0.1 0.07 0.06 0.05 0.04 0.03 0.02 0.01
0.11 0.17 0.09 0.25 0.1 0.07 0.06 0.05 0.04 0.03 0.02 0.01
0.11 0.17 0.08 0.22 0.14 0.07 0.06 0.05 0.04 0.03 0.02 0.01
0.07 0.09 0.13 0.1 0.32 0.08 0.06 0.05 0.04 0.03 0.02 0.01
0.34 0.11 0.09 0.08 0.1 0.07 0.06 0.05 0.04 0.03 0.02 0.01
0.34 0.11 0.09 0.08 0.1 0.07 0.06 0.05 0.04 0.03 0.02 0.01
0.23 0.22 0.09 0.08 0.1 0.07 0.06 0.05 0.04 0.03 0.02 0.01
0.15 0.3 0.09 0.08 0.1 0.07 0.06 0.05 0.04 0.03 0.02 0.01
0.13 0.29 0.1 0.08 0.12 0.07 0.06 0.05 0.04 0.03 0.02 0.01
0.12 0.25 0.09 0.07 0.18 0.08 0.06 0.05 0.04 0.03 0.02 0.01
0.11 0.23 0.09 0.07 0.21 0.08 0.06 0.05 0.04 0.03 0.02 0.01
0.11 0.18 0.09 0.07 0.26 0.08 0.06 0.05 0.04 0.03 0.02 0.01
0.11 0.18 0.12 0.07 0.23 0.08 0.06 0.05 0.04 0.03 0.02 0.01
0.11 0.17 0.1 0.08 0.26 0.07 0.06 0.05 0.04 0.03 0.02 0.01
0.07 0.09 0.1 0.34 0.11 0.08 0.06 0.05 0.04 0.03 0.02 0.01
0.34 0.11 0.1 0.09 0.07 0.08 0.06 0.05 0.04 0.03 0.02 0.01
0.34 0.11 0.1 0.09 0.07 0.08 0.06 0.05 0.04 0.03 0.02 0.01
0.23 0.22 0.1 0.09 0.07 0.08 0.06 0.05 0.04 0.03 0.02 0.01
0.17 0.28 0.1 0.09 0.07 0.08 0.06 0.05 0.04 0.03 0.02 0.01
0.13 0.28 0.14 0.09 0.07 0.08 0.06 0.05 0.04 0.03 0.02 0.01
0.12 0.24 0.18 0.1 0.07 0.08 0.06 0.05 0.04 0.03 0.02 0.01
0.11 0.22 0.19 0.12 0.07 0.08 0.06 0.05 0.04 0.03 0.02 0.01
0.11 0.21 0.18 0.14 0.07 0.08 0.06 0.05 0.04 0.03 0.02 0.01
0.1 0.2 0.19 0.15 0.07 0.08 0.06 0.05 0.04 0.03 0.02 0.01
0.1 0.19 0.18 0.17 0.07 0.08 0.06 0.05 0.04 0.03 0.02 0.01
0.07 0.09 0.1 0.13 0.32 0.08 0.06 0.05 0.04 0.03 0.02 0.01
0.34 0.11 0.1 0.09 0.08 0.07 0.06 0.05 0.04 0.03 0.02 0.01
0.34 0.11 0.1 0.09 0.08 0.07 0.06 0.05 0.04 0.03 0.02 0.01
0.23 0.22 0.1 0.09 0.08 0.07 0.06 0.05 0.04 0.03 0.02 0.01
0.17 0.28 0.1 0.09 0.08 0.07 0.06 0.05 0.04 0.03 0.02 0.01
0.13 0.28 0.14 0.09 0.08 0.07 0.06 0.05 0.04 0.03 0.02 0.01
0.12 0.24 0.18 0.1 0.08 0.07 0.06 0.05 0.04 0.03 0.02 0.01
0.11 0.22 0.19 0.12 0.08 0.07 0.06 0.05 0.04 0.03 0.02 0.01
0.11 0.21 0.18 0.14 0.08 0.07 0.06 0.05 0.04 0.03 0.02 0.01
0.1 0.2 0.19 0.14 0.09 0.07 0.06 0.05 0.04 0.03 0.02 0.01
0.1 0.19 0.18 0.17 0.08 0.07 0.06 0.05 0.04 0.03 0.02 0.01
0.07 0.09 0.1 0.13 0.32 0.08 0.06 0.05 0.04 0.03 0.02 0.01
0.34 0.11 0.1 0.09 0.08 0.07 0.06 0.05 0.04 0.03 0.02 0.01
0.34 0.11 0.1 0.09 0.08 0.07 0.06 0.05 0.04 0.03 0.02 0.01
0.23 0.22 0.1 0.09 0.08 0.07 0.06 0.05 0.04 0.03 0.02 0.01
0.17 0.28 0.1 0.09 0.08 0.07 0.06 0.05 0.04 0.03 0.02 0.01
0.13 0.28 0.14 0.09 0.08 0.07 0.06 0.05 0.04 0.03 0.02 0.01
0.12 0.24 0.17 0.11 0.08 0.07 0.06 0.05 0.04 0.03 0.02 0.01
0.11 0.22 0.18 0.13 0.08 0.07 0.06 0.05 0.04 0.03 0.02 0.01
0.11 0.21 0.18 0.13 0.09 0.07 0.06 0.05 0.04 0.03 0.02 0.01
0.1 0.2 0.19 0.14 0.09 0.07 0.06 0.05 0.04 0.03 0.02 0.01
0.1 0.19 0.18 0.16 0.09 0.07 0.06 0.05 0.04 0.03 0.02 0.01
0.07 0.09 0.1 0.13 0.32 0.08 0.06 0.05 0.04 0.03 0.02 0.01
0.34 0.11 0.1 0.09 0.08 0.07 0.06 0.05 0.04 0.03 0.02 0.01
0.34 0.11 0.1 0.09 0.08 0.07 0.06 0.05 0.04 0.03 0.02 0.01
0.23 0.22 0.1 0.09 0.08 0.07 0.06 0.05 0.04 0.03 0.02 0.01
0.17 0.28 0.1 0.09 0.08 0.07 0.06 0.05 0.04 0.03 0.02 0.01
0.13 0.28 0.14 0.09 0.08 0.07 0.06 0.05 0.04 0.03 0.02 0.01
0.12 0.24 0.17 0.11 0.08 0.07 0.06 0.05 0.04 0.03 0.02 0.01
0.11 0.22 0.18 0.13 0.08 0.07 0.06 0.05 0.04 0.03 0.02 0.01
0.11 0.21 0.17 0.15 0.08 0.07 0.06 0.05 0.04 0.03 0.02 0.01
0.1 0.2 0.18 0.16 0.08 0.07 0.06 0.05 0.04 0.03 0.02 0.01
0.1 0.19 0.18 0.16 0.09 0.07 0.06 0.05 0.04 0.03 0.02 0.01
0.07 0.09 0.1 0.13 0.32 0.08 0.06 0.05 0.04 0.03 0.02 0.01
0.34 0.11 0.1 0.09 0.08 0.07 0.06 0.05 0.04 0.03 0.02 0.01
0.34 0.11 0.1 0.09 0.08 0.07 0.06 0.05 0.04 0.03 0.02 0.01
0.23 0.22 0.1 0.09 0.08 0.07 0.06 0.05 0.04 0.03 0.02 0.01
0.17 0.28 0.1 0.09 0.08 0.07 0.06 0.05 0.04 0.03 0.02 0.01
0.13 0.28 0.14 0.09 0.08 0.07 0.06 0.05 0.04 0.03 0.02 0.01
0.11 0.28 0.16 0.09 0.08 0.07 0.06 0.05 0.04 0.03 0.02 0.01
0.11 0.22 0.18 0.13 0.08 0.07 0.06 0.05 0.04 0.03 0.02 0.01
0.11 0.21 0.17 0.14 0.09 0.07 0.06 0.05 0.04 0.03 0.02 0.01
0.1 0.2 0.18 0.15 0.09 0.07 0.06 0.05 0.04 0.03 0.02 0.01
0.1 0.19 0.18 0.15 0.09 0.08 0.06 0.05 0.04 0.03 0.02 0.01
0.07 0.09 0.1 0.13 0.32 0.08 0.06 0.05 0.04 0.03 0.02 0.01
0.34 0.11 0.1 0.09 0.08 0.07 0.06 0.05 0.04 0.03 0.02 0.01
0.34 0.11 0.1 0.09 0.08 0.07 0.06 0.05 0.04 0.03 0.02 0.01
0.23 0.22 0.1 0.09 0.08 0.07 0.06 0.05 0.04 0.03 0.02 0.01
0.17 0.28 0.1 0.09 0.08 0.07 0.06 0.05 0.04 0.03 0.02 0.01
0.13 0.28 0.14 0.09 0.08 0.07 0.06 0.05 0.04 0.03 0.02 0.01
0.11 0.28 0.16 0.09 0.08 0.07 0.06 0.05 0.04 0.03 0.02 0.01
0.11 0.22 0.18 0.12 0.09 0.07 0.06 0.05 0.04 0.03 0.02 0.01
0.11 0.21 0.17 0.14 0.09 0.07 0.06 0.05 0.04 0.03 0.02 0.01
0.1 0.2 0.18 0.15 0.09 0.07 0.06 0.05 0.04 0.03 0.02 0.01
0.1 0.19 0.18 0.15 0.09 0.08 0.06 0.05 0.04 0.03 0.02 0.01
0.07 0.09 0.1 0.13 0.32 0.08 0.06 0.05 0.04 0.03 0.02 0.01
0.34 0.11 0.1 0.09 0.08 0.07 0.06 0.05 0.04 0.03 0.02 0.01
0.34 0.11 0.1 0.09 0.08 0.07 0.06 0.05 0.04 0.03 0.02 0.01
0.23 0.22 0.1 0.09 0.08 0.07 0.06 0.05 0.04 0.03 0.02 0.01
0.17 0.28 0.1 0.09 0.08 0.07 0.06 0.05 0.04 0.03 0.02 0.01
0.13 0.28 0.14 0.09 0.08 0.07 0.06 0.05 0.04 0.03 0.02 0.01
0.11 0.28 0.16 0.09 0.08 0.07 0.06 0.05 0.04 0.03 0.02 0.01
0.11 0.22 0.18 0.12 0.09 0.07 0.06 0.05 0.04 0.03 0.02 0.01
0.11 0.21 0.17 0.14 0.09 0.07 0.06 0.05 0.04 0.03 0.02 0.01
0.1 0.2 0.18 0.15 0.09 0.07 0.06 0.05 0.04 0.03 0.02 0.01
0.1 0.19 0.18 0.15 0.09 0.08 0.06 0.05 0.04 0.03 0.02 0.01
0.07 0.09 0.1 0.13 0.32 0.08 0.06 0.05 0.04 0.03 0.02 0.01
0.34 0.11 0.1 0.09 0.08 0.07 0.06 0.05 0.04 0.03 0.02 0.01
0.34 0.11 0.1 0.09 0.08 0.07 0.06 0.05 0.04 0.03 0.02 0.01
0.23 0.22 0.1 0.09 0.08 0.07 0.06 0.05 0.04 0.03 0.02 0.01
0.17 0.28 0.1 0.09 0.08 0.07 0.06 0.05 0.04 0.03 0.02 0.01
0.13 0.28 0.14 0.09 0.08 0.07 0.06 0.05 0.04 0.03 0.02 0.01
0.11 0.28 0.16 0.09 0.08 0.07 0.06 0.05 0.04 0.03 0.02 0.01
0.11 0.22 0.17 0.14 0.08 0.07 0.06 0.05 0.04 0.03 0.02 0.01
0.11 0.21 0.17 0.13 0.1 0.07 0.06 0.05 0.04 0.03 0.02 0.01
0.1 0.2 0.17 0.16 0.09 0.07 0.06 0.05 0.04 0.03 0.02 0.01
0.1 0.19 0.18 0.14 0.11 0.07 0.06 0.05 0.04 0.03 0.02 0.01
0.07 0.09 0.1 0.13 0.32 0.08 0.06 0.05 0.04 0.03 0.02 0.01
0.34 0.11 0.1 0.08 0.09 0.07 0.06 0.05 0.04 0.03 0.02 0.01
0.34 0.11 0.1 0.08 0.09 0.07 0.06 0.05 0.04 0.03 0.02 0.01
0.23 0.22 0.1 0.08 0.09 0.07 0.06 0.05 0.04 0.03 0.02 0.01
0.16 0.24 0.15 0.08 0.09 0.07 0.06 0.05 0.04 0.03 0.02 0.01
0.14 0.22 0.19 0.08 0.09 0.07 0.06 0.05 0.04 0.03 0.02 0.01
0.12 0.24 0.19 0.08 0.09 0.07 0.06 0.05 0.04 0.03 0.02 0.01
0.11 0.22 0.21 0.08 0.1 0.07 0.06 0.05 0.04 0.03 0.02 0.01
0.11 0.17 0.22 0.08 0.14 0.07 0.06 0.05 0.04 0.03 0.02 0.01
0.11 0.17 0.2 0.08 0.16 0.07 0.06 0.05 0.04 0.03 0.02 0.01
0.11 0.16 0.2 0.08 0.17 0.07 0.06 0.05 0.04 0.03 0.02 0.01
0.07 0.09 0.1 0.33 0.12 0.08 0.06 0.05 0.04 0.03 0.02 0.01
0.34 0.11 0.1 0.09 0.07 0.08 0.06 0.05 0.04 0.03 0.02 0.01
0.34 0.11 0.1 0.09 0.07 0.08 0.06 0.05 0.04 0.03 0.02 0.01
0.23 0.22 0.1 0.09 0.07 0.08 0.06 0.05 0.04 0.03 0.02 0.01
0.16 0.24 0.15 0.09 0.07 0.08 0.06 0.05 0.04 0.03 0.02 0.01
0.13 0.28 0.14 0.09 0.07 0.08 0.06 0.05 0.04 0.03 0.02 0.01
0.12 0.24 0.19 0.09 0.07 0.08 0.06 0.05 0.04 0.03 0.02 0.01
0.11 0.21 0.23 0.09 0.07 0.08 0.06 0.05 0.04 0.03 0.02 0.01
0.1 0.19 0.26 0.09 0.07 0.08 0.06 0.05 0.04 0.03 0.02 0.01
0.1 0.19 0.23 0.12 0.07 0.08 0.06 0.05 0.04 0.03 0.02 0.01
0.1 0.18 0.23 0.11 0.09 0.08 0.06 0.05 0.04 0.03 0.02 0.01
0.07 0.09 0.1 0.13 0.32 0.08 0.06 0.05 0.04 0.03 0.02 0.01
0.34 0.11 0.1 0.09 0.08 0.07 0.06 0.05 0.04 0.03 0.02 0.01
0.34 0.11 0.1 0.09 0.08 0.07 0.06 0.05 0.04 0.03 0.02 0.01
0.23 0.22 0.1 0.09 0.08 0.07 0.06 0.05 0.04 0.03 0.02 0.01
0.16 0.24 0.15 0.09 0.08 0.07 0.06 0.05 0.04 0.03 0.02 0.01
0.13 0.28 0.14 0.09 0.08 0.07 0.06 0.05 0.04 0.03 0.02 0.01
0.12 0.24 0.19 0.09 0.08 0.07 0.06 0.05 0.04 0.03 0.02 0.01
0.11 0.21 0.23 0.09 0.08 0.07 0.06 0.05 0.04 0.03 0.02 0.01
0.1 0.19 0.26 0.09 0.08 0.07 0.06 0.05 0.04 0.03 0.02 0.01
0.1 0.19 0.23 0.12 0.08 0.07 0.06 0.05 0.04 0.03 0.02 0.01
0.1 0.18 0.22 0.14 0.08 0.07 0.06 0.05 0.04 0.03 0.02 0.01
0.07 0.09 0.1 0.13 0.32 0.08 0.06 0.05 0.04 0.03 0.02 0.01
0.34 0.11 0.1 0.09 0.08 0.07 0.06 0.05 0.04 0.03 0.02 0.01
0.34 0.11 0.1 0.09 0.08 0.07 0.06 0.05 0.04 0.03 0.02 0.01
0.23 0.22 0.1 0.09 0.08 0.07 0.06 0.05 0.04 0.03 0.02 0.01
0.16 0.24 0.15 0.09 0.08 0.07 0.06 0.05 0.04 0.03 0.02 0.01
0.13 0.28 0.14 0.09 0.08 0.07 0.06 0.05 0.04 0.03 0.02 0.01
0.12 0.24 0.19 0.09 0.08 0.07 0.06 0.05 0.04 0.03 0.02 0.01
0.11 0.21 0.23 0.09 0.08 0.07 0.06 0.05 0.04 0.03 0.02 0.01
0.11 0.19 0.25 0.09 0.08 0.07 0.06 0.05 0.04 0.03 0.02 0.01
0.1 0.19 0.23 0.12 0.08 0.07 0.06 0.05 0.04 0.03 0.02 0.01
0.1 0.18 0.22 0.14 0.08 0.07 0.06 0.05 0.04 0.03 0.02 0.01
0.07 0.09 0.1 0.13 0.32 0.08 0.06 0.05 0.04 0.03 0.02 0.01
0.34 0.11 0.1 0.09 0.08 0.07 0.06 0.05 0.04 0.03 0.02 0.01
0.34 0.11 0.1 0.09 0.08 0.07 0.06 0.05 0.04 0.03 0.02 0.01
0.23 0.22 0.1 0.09 0.08 0.07 0.06 0.05 0.04 0.03 0.02 0.01
0.16 0.24 0.15 0.09 0.08 0.07 0.06 0.05 0.04 0.03 0.02 0.01
0.13 0.28 0.14 0.09 0.08 0.07 0.06 0.05 0.04 0.03 0.02 0.01
0.12 0.24 0.19 0.09 0.08 0.07 0.06 0.05 0.04 0.03 0.02 0.01
0.11 0.21 0.23 0.09 0.08 0.07 0.06 0.05 0.04 0.03 0.02 0.01
0.11 0.19 0.25 0.09 0.08 0.07 0.06 0.05 0.04 0.03 0.02 0.01
0.1 0.18 0.25 0.11 0.08 0.07 0.06 0.05 0.04 0.03 0.02 0.01
0.1 0.18 0.22 0.14 0.08 0.07 0.06 0.05 0.04 0.03 0.02 0.01
0.07 0.09 0.1 0.13 0.32 0.08 0.06 0.05 0.04 0.03 0.02 0.01
0.34 0.11 0.1 0.09 0.08 0.07 0.06 0.05 0.04 0.03 0.02 0.01
0.34 0.11 0.1 0.09 0.08 0.07 0.06 0.05 0.04 0.03 0.02 0.01
0.23 0.22 0.1 0.09 0.08 0.07 0.06 0.05 0.04 0.03 0.02 0.01
0.16 0.24 0.15 0.09 0.08 0.07 0.06 0.05 0.04 0.03 0.02 0.01
0.13 0.28 0.14 0.09 0.08 0.07 0.06 0.05 0.04 0.03 0.02 0.01
0.12 0.23 0.2 0.09 0.08 0.07 0.06 0.05 0.04 0.03 0.02 0.01
0.11 0.21 0.23 0.09 0.08 0.07 0.06 0.05 0.04 0.03 0.02 0.01
0.11 0.19 0.24 0.1 0.08 0.07 0.06 0.05 0.04 0.03 0.02 0.01
0.1 0.18 0.25 0.11 0.08 0.07 0.06 0.05 0.04 0.03 0.02 0.01
0.1 0.17 0.24 0.13 0.08 0.07 0.06 0.05 0.04 0.03 0.02 0.01
0.07 0.09 0.1 0.13 0.32 0.08 0.06 0.05 0.04 0.03 0.02 0.01
0.34 0.11 0.1 0.09 0.08 0.07 0.06 0.05 0.04 0.03 0.02 0.01
0.34 0.11 0.1 0.09 0.08 0.07 0.06 0.05 0.04 0.03 0.02 0.01
0.23 0.22 0.1 0.09 0.08 0.07 0.06 0.05 0.04 0.03 0.02 0.01
0.15 0.3 0.1 0.09 0.08 0.07 0.06 0.05 0.04 0.03 0.02 0.01
0.13 0.28 0.14 0.09 0.08 0.07 0.06 0.05 0.04 0.03 0.02 0.01
0.12 0.23 0.2 0.09 0.08 0.07 0.06 0.05 0.04 0.03 0.02 0.01
0.11 0.21 0.23 0.09 0.08 0.07 0.06 0.05 0.04 0.03 0.02 0.01
0.11 0.19 0.24 0.1 0.08 0.07 0.06 0.05 0.04 0.03 0.02 0.01
0.1 0.19 0.22 0.13 0.08 0.07 0.06 0.05 0.04 0.03 0.02 0.01
0.1 0.17 0.24 0.13 0.08 0.07 0.06 0.05 0.04 0.03 0.02 0.01
0.07 0.09 0.1 0.13 0.32 0.08 0.06 0.05 0.04 0.03 0.02 0.01
0.34 0.11 0.1 0.09 0.08 0.07 0.06 0.05 0.04 0.03 0.02 0.01
0.34 0.11 0.1 0.09 0.08 0.07 0.06 0.05 0.04 0.03 0.02 0.01
0.23 0.22 0.1 0.09 0.08 0.07 0.06 0.05 0.04 0.03 0.02 0.01
0.18 0.24 0.13 0.09 0.08 0.07 0.06 0.05 0.04 0.03 0.02 0.01
0.13 0.28 0.14 0.09 0.08 0.07 0.06 0.05 0.04 0.03 0.02 0.01
0.12 0.23 0.2 0.09 0.08 0.07 0.06 0.05 0.04 0.03 0.02 0.01
0.11 0.21 0.23 0.09 0.08 0.07 0.06 0.05 0.04 0.03 0.02 0.01
0.11 0.19 0.24 0.1 0.08 0.07 0.06 0.05 0.04 0.03 0.02 0.01
0.1 0.19 0.22 0.13 0.08 0.07 0.06 0.05 0.04 0.03 0.02 0.01
0.1 0.17 0.24 0.12 0.09 0.07 0.06 0.05 0.04 0.03 0.02 0.01
0.07 0.09 0.1 0.13 0.32 0.08 0.06 0.05 0.04 0.03 0.02 0.01
0.34 0.11 0.1 0.09 0.08 0.07 0.06 0.05 0.04 0.03 0.02 0.01
0.34 0.11 0.1 0.09 0.08 0.07 0.06 0.05 0.04 0.03 0.02 0.01
0.23 0.22 0.1 0.09 0.08 0.07 0.06 0.05 0.04 0.03 0.02 0.01
0.16 0.24 0.15 0.09 0.08 0.07 0.06 0.05 0.04 0.03 0.02 0.01
0.14 0.22 0.19 0.09 0.08 0.07 0.06 0.05 0.04 0.03 0.02 0.01
0.12 0.24 0.19 0.09 0.08 0.07 0.06 0.05 0.04 0.03 0.02 0.01
0.11 0.22 0.21 0.1 0.08 0.07 0.06 0.05 0.04 0.03 0.02 0.01
0.11 0.18 0.19 0.15 0.09 0.07 0.06 0.05 0.04 0.03 0.02 0.01
0.11 0.17 0.2 0.14 0.1 0.07 0.06 0.05 0.04 0.03 0.02 0.01
0.11 0.16 0.19 0.18 0.08 0.07 0.06 0.05 0.04 0.03 0.02 0.01
0.07 0.09 0.1 0.13 0.32 0.08 0.06 0.05 0.04 0.03 0.02 0.01
0.34 0.11 0.1 0.09 0.08 0.07 0.06 0.05 0.04 0.03 0.02 0.01
0.34 0.11 0.1 0.09 0.08 0.07 0.06 0.05 0.04 0.03 0.02 0.01
0.23 0.22 0.1 0.09 0.08 0.07 0.06 0.05 0.04 0.03 0.02 0.01
0.16 0.24 0.15 0.09 0.08 0.07 0.06 0.05 0.04 0.03 0.02 0.01
0.13 0.28 0.14 0.09 0.08 0.07 0.06 0.05 0.04 0.03 0.02 0.01
0.12 0.24 0.19 0.09 0.08 0.07 0.06 0.05 0.04 0.03 0.02 0.01
0.11 0.21 0.23 0.09 0.08 0.07 0.06 0.05 0.04 0.03 0.02 0.01
0.11 0.17 0.21 0.15 0.08 0.07 0.06 0.05 0.04 0.03 0.02 0.01
0.11 0.17 0.19 0.16 0.09 0.07 0.06 0.05 0.04 0.03 0.02 0.01
0.11 0.16 0.19 0.17 0.09 0.07 0.06 0.05 0.04 0.03 0.02 0.01
0.07 0.09 0.1 0.13 0.32 0.08 0.06 0.05 0.04 0.03 0.02 0.01
0.34 0.11 0.1 0.09 0.08 0.07 0.06 0.05 0.04 0.03 0.02 0.01
0.34 0.11 0.1 0.09 0.08 0.07 0.06 0.05 0.04 0.03 0.02 0.01
0.23 0.22 0.1 0.09 0.08 0.07 0.06 0.05 0.04 0.03 0.02 0.01
0.16 0.24 0.15 0.09 0.08 0.07 0.06 0.05 0.04 0.03 0.02 0.01
0.14 0.22 0.18 0.1 0.08 0.07 0.06 0.05 0.04 0.03 0.02 0.01
0.12 0.24 0.19 0.09 0.08 0.07 0.06 0.05 0.04 0.03 0.02 0.01
0.11 0.22 0.21 0.1 0.08 0.07 0.06 0.05 0.04 0.03 0.02 0.01
0.11 0.18 0.19 0.14 0.1 0.07 0.06 0.05 0.04 0.03 0.02 0.01
0.11 0.17 0.2 0.14 0.1 0.07 0.06 0.05 0.04 0.03 0.02 0.01
0.11 0.16 0.19 0.18 0.08 0.07 0.06 0.05 0.04 0.03 0.02 0.01
0.07 0.09 0.1 0.13 0.32 0.08 0.06 0.05 0.04 0.03 0.02 0.01
0.34 0.11 0.1 0.09 0.08 0.07 0.06 0.05 0.04 0.03 0.02 0.01
0.34 0.11 0.1 0.09 0.08 0.07 0.06 0.05 0.04 0.03 0.02 0.01
0.23 0.22 0.1 0.09 0.08 0.07 0.06 0.05 0.04 0.03 0.02 0.01
0.16 0.24 0.15 0.09 0.08 0.07 0.06 0.05 0.04 0.03 0.02 0.01
0.14 0.22 0.18 0.1 0.08 0.07 0.06 0.05 0.04 0.03 0.02 0.01
0.12 0.24 0.19 0.09 0.08 0.07 0.06 0.05 0.04 0.03 0.02 0.01
0.11 0.21 0.23 0.09 0.08 0.07 0.06 0.05 0.04 0.03 0.02 0.01
0.11 0.18 0.19 0.14 0.1 0.07 0.06 0.05 0.04 0.03 0.02 0.01
0.11 0.17 0.19 0.16 0.09 0.07 0.06 0.05 0.04 0.03 0.02 0.01
0.11 0.16 0.19 0.18 0.08 0.07 0.06 0.05 0.04 0.03 0.02 0.01
0.07 0.09 0.1 0.13 0.32 0.08 0.06 0.05 0.04 0.03 0.02 0.01
0.34 0.11 0.1 0.09 0.08 0.07 0.06 0.05 0.04 0.03 0.02 0.01
0.34 0.11 0.1 0.09 0.08 0.07 0.06 0.05 0.04 0.03 0.02 0.01
0.23 0.22 0.1 0.09 0.08 0.07 0.06 0.05 0.04 0.03 0.02 0.01
0.16 0.24 0.15 0.09 0.08 0.07 0.06 0.05 0.04 0.03 0.02 0.01
0.14 0.22 0.18 0.1 0.08 0.07 0.06 0.05 0.04 0.03 0.02 0.01
0.12 0.24 0.19 0.09 0.08 0.07 0.06 0.05 0.04 0.03 0.02 0.01
0.11 0.21 0.23 0.09 0.08 0.07 0.06 0.05 0.04 0.03 0.02 0.01
0.11 0.18 0.19 0.14 0.1 0.07 0.06 0.05 0.04 0.03 0.02 0.01
0.11 0.17 0.19 0.16 0.09 0.07 0.06 0.05 0.04 0.03 0.02 0.01
0.11 0.16 0.2 0.15 0.1 0.07 0.06 0.05 0.04 0.03 0.02 0.01
0.07 0.09 0.1 0.13 0.32 0.08 0.06 0.05 0.04 0.03 0.02 0.01
0.34 0.11 0.1 0.09 0.08 0.07 0.06 0.05 0.04 0.03 0.02 0.01
0.34 0.11 0.1 0.09 0.08 0.07 0.06 0.05 0.04 0.03 0.02 0.01
0.23 0.22 0.1 0.09 0.08 0.07 0.06 0.05 0.04 0.03 0.02 0.01
0.16 0.24 0.15 0.09 0.08 0.07 0.06 0.05 0.04 0.03 0.02 0.01
0.14 0.22 0.18 0.1 0.08 0.07 0.06 0.05 0.04 0.03 0.02 0.01
0.12 0.24 0.19 0.09 0.08 0.07 0.06 0.05 0.04 0.03 0.02 0.01
0.11 0.21 0.23 0.09 0.08 0.07 0.06 0.05 0.04 0.03 0.02 0.01
0.11 0.17 0.21 0.15 0.08 0.07 0.06 0.05 0.04 0.03 0.02 0.01
0.11 0.17 0.19 0.16 0.09 0.07 0.06 0.05 0.04 0.03 0.02 0.01
0.11 0.16 0.19 0.17 0.09 0.07 0.06 0.05 0.04 0.03 0.02 0.01
0.07 0.09 0.1 0.13 0.32 0.08 0.06 0.05 0.04 0.03 0.02 0.01
0.34 0.11 0.1 0.09 0.08 0.07 0.06 0.05 0.04 0.03 0.02 0.01
0.34 0.11 0.1 0.09 0.08 0.07 0.06 0.05 0.04 0.03 0.02 0.01
0.23 0.22 0.1 0.09 0.08 0.07 0.06 0.05 0.04 0.03 0.02 0.01
0.16 0.24 0.15 0.09 0.08 0.07 0.06 0.05 0.04 0.03 0.02 0.01
0.14 0.22 0.19 0.09 0.08 0.07 0.06 0.05 0.04 0.03 0.02 0.01
0.12 0.24 0.19 0.09 0.08 0.07 0.06 0.05 0.04 0.03 0.02 0.01
0.11 0.22 0.21 0.1 0.08 0.07 0.06 0.05 0.04 0.03 0.02 0.01
0.11 0.18 0.19 0.15 0.09 0.07 0.06 0.05 0.04 0.03 0.02 0.01
0.11 0.17 0.2 0.14 0.1 0.07 0.06 0.05 0.04 0.03 0.02 0.01
0.11 0.16 0.19 0.18 0.08 0.07 0.06 0.05 0.04 0.03 0.02 0.01
0.07 0.09 0.1 0.13 0.32 0.08 0.06 0.05 0.04 0.03 0.02 0.01
0.34 0.11 0.1 0.09 0.08 0.07 0.06 0.05 0.04 0.03 0.02 0.01
0.34 0.11 0.1 0.09 0.08 0.07 0.06 0.05 0.04 0.03 0.02 0.01
0.23 0.22 0.1 0.09 0.08 0.07 0.06 0.05 0.04 0.03 0.02 0.01
0.16 0.24 0.15 0.09 0.08 0.07 0.06 0.05 0.04 0.03 0.02 0.01
0.14 0.22 0.18 0.1 0.08 0.07 0.06 0.05 0.04 0.03 0.02 0.01
0.12 0.24 0.19 0.09 0.08 0.07 0.06 0.05 0.04 0.03 0.02 0.01
0.11 0.22 0.21 0.1 0.08 0.07 0.06 0.05 0.04 0.03 0.02 0.01
0.11 0.18 0.19 0.15 0.09 0.07 0.06 0.05 0.04 0.03 0.02 0.01
0.11 0.17 0.2 0.14 0.1 0.07 0.06 0.05 0.04 0.03 0.02 0.01
0.11 0.16 0.19 0.18 0.08 0.07 0.06 0.05 0.04 0.03 0.02 0.01
0.07 0.09 0.1 0.13 0.32 0.08 0.06 0.05 0.04 0.03 0.02 0.01
0.34 0.11 0.1 0.09 0.08 0.07 0.06 0.05 0.04 0.03 0.02 0.01
0.34 0.11 0.1 0.09 0.08 0.07 0.06 0.05 0.04 0.03 0.02 0.01
0.23 0.22 0.1 0.09 0.08 0.07 0.06 0.05 0.04 0.03 0.02 0.01
0.16 0.24 0.15 0.09 0.08 0.07 0.06 0.05 0.04 0.03 0.02 0.01
0.14 0.22 0.18 0.1 0.08 0.07 0.06 0.05 0.04 0.03 0.02 0.01
0.12 0.24 0.19 0.09 0.08 0.07 0.06 0.05 0.04 0.03 0.02 0.01
0.11 0.21 0.23 0.09 0.08 0.07 0.06 0.05 0.04 0.03 0.02 0.01
0.11 0.18 0.19 0.14 0.1 0.07 0.06 0.05 0.04 0.03 0.02 0.01
0.11 0.17 0.2 0.14 0.1 0.07 0.06 0.05 0.04 0.03 0.02 0.01
0.11 0.16 0.19 0.18 0.08 0.07 0.06 0.05 0.04 0.03 0.02 0.01
0.07 0.09 0.1 0.13 0.32 0.08 0.06 0.05 0.04 0.03 0.02 0.01
0.34 0.11 0.1 0.09 0.08 0.07 0.06 0.05 0.04 0.03 0.02 0.01
0.34 0.11 0.1 0.09 0.08 0.07 0.06 0.05 0.04 0.03 0.02 0.01
0.23 0.22 0.1 0.09 0.08 0.07 0.06 0.05 0.04 0.03 0.02 0.01
0.16 0.24 0.15 0.09 0.08 0.07 0.06 0.05 0.04 0.03 0.02 0.01
0.14 0.22 0.18 0.1 0.08 0.07 0.06 0.05 0.04 0.03 0.02 0.01
0.12 0.24 0.19 0.09 0.08 0.07 0.06 0.05 0.04 0.03 0.02 0.01
0.11 0.21 0.23 0.09 0.08 0.07 0.06 0.05 0.04 0.03 0.02 0.01
0.11 0.18 0.19 0.14 0.1 0.07 0.06 0.05 0.04 0.03 0.02 0.01
0.11 0.17 0.19 0.16 0.09 0.07 0.06 0.05 0.04 0.03 0.02 0.01
0.11 0.16 0.19 0.18 0.08 0.07 0.06 0.05 0.04 0.03 0.02 0.01
0.07 0.09 0.1 0.13 0.32 0.08 0.06 0.05 0.04 0.03 0.02 0.01
0.34 0.11 0.1 0.09 0.08 0.07 0.06 0.05 0.04 0.03 0.02 0.01
0.34 0.11 0.1 0.09 0.08 0.07 0.06 0.05 0.04 0.03 0.02 0.01
0.23 0.22 0.1 0.09 0.08 0.07 0.06 0.05 0.04 0.03 0.02 0.01
0.16 0.24 0.15 0.09 0.08 0.07 0.06 0.05 0.04 0.03 0.02 0.01
0.14 0.22 0.18 0.1 0.08 0.07 0.06 0.05 0.04 0.03 0.02 0.01
0.12 0.24 0.19 0.09 0.08 0.07 0.06 0.05 0.04 0.03 0.02 0.01
0.11 0.21 0.23 0.09 0.08 0.07 0.06 0.05 0.04 0.03 0.02 0.01
0.11 0.17 0.21 0.15 0.08 0.07 0.06 0.05 0.04 0.03 0.02 0.01
0.11 0.17 0.19 0.16 0.09 0.07 0.06 0.05 0.04 0.03 0.02 0.01
0.11 0.16 0.19 0.17 0.09 0.07 0.06 0.05 0.04 0.03 0.02 0.01
0.07 0.09 0.1 0.13 0.32 0.08 0.06 0.05 0.04 0.03 0.02 0.01
0.34 0.11 0.1 0.09 0.08 0.07 0.06 0.05 0.04 0.03 0.02 0.01
0.34 0.11 0.1 0.09 0.08 0.07 0.06 0.05 0.04 0.03 0.02 0.01
0.23 0.22 0.1 0.09 0.08 0.07 0.06 0.05 0.04 0.03 0.02 0.01
0.16 0.24 0.15 0.09 0.08 0.07 0.06 0.05 0.04 0.03 0.02 0.01
0.14 0.22 0.19 0.09 0.08 0.07 0.06 0.05 0.04 0.03 0.02 0.01
0.12 0.24 0.19 0.09 0.08 0.07 0.06 0.05 0.04 0.03 0.02 0.01
0.11 0.22 0.21 0.1 0.08 0.07 0.06 0.05 0.04 0.03 0.02 0.01
0.11 0.18 0.19 0.15 0.09 0.07 0.06 0.05 0.04 0.03 0.02 0.01
0.11 0.17 0.2 0.14 0.1 0.07 0.06 0.05 0.04 0.03 0.02 0.01
0.11 0.16 0.19 0.18 0.08 0.07 0.06 0.05 0.04 0.03 0.02 0.01
0.07 0.09 0.1 0.13 0.32 0.08 0.06 0.05 0.04 0.03 0.02 0.01
0.34 0.11 0.1 0.09 0.08 0.07 0.06 0.05 0.04 0.03 0.02 0.01
0.34 0.11 0.1 0.09 0.08 0.07 0.06 0.05 0.04 0.03 0.02 0.01
0.23 0.22 0.1 0.09 0.08 0.07 0.06 0.05 0.04 0.03 0.02 0.01
0.16 0.24 0.15 0.09 0.08 0.07 0.06 0.05 0.04 0.03 0.02 0.01
0.14 0.22 0.19 0.09 0.08 0.07 0.06 0.05 0.04 0.03 0.02 0.01
0.12 0.24 0.19 0.09 0.08 0.07 0.06 0.05 0.04 0.03 0.02 0.01
0.11 0.22 0.21 0.1 0.08 0.07 0.06 0.05 0.04 0.03 0.02 0.01
0.11 0.18 0.19 0.15 0.09 0.07 0.06 0.05 0.04 0.03 0.02 0.01
0.11 0.17 0.2 0.14 0.1 0.07 0.06 0.05 0.04 0.03 0.02 0.01
0.11 0.16 0.19 0.18 0.08 0.07 0.06 0.05 0.04 0.03 0.02 0.01
0.07 0.09 0.1 0.13 0.32 0.08 0.06 0.05 0.04 0.03 0.02 0.01
0.34 0.11 0.1 0.09 0.08 0.07 0.06 0.05 0.04 0.03 0.02 0.01
0.34 0.11 0.1 0.09 0.08 0.07 0.06 0.05 0.04 0.03 0.02 0.01
0.23 0.22 0.1 0.09 0.08 0.07 0.06 0.05 0.04 0.03 0.02 0.01
0.16 0.24 0.15 0.09 0.08 0.07 0.06 0.05 0.04 0.03 0.02 0.01
0.14 0.22 0.18 0.1 0.08 0.07 0.06 0.05 0.04 0.03 0.02 0.01
0.12 0.24 0.19 0.09 0.08 0.07 0.06 0.05 0.04 0.03 0.02 0.01
0.11 0.22 0.21 0.1 0.08 0.07 0.06 0.05 0.04 0.03 0.02 0.01
0.11 0.18 0.19 0.14 0.1 0.07 0.06 0.05 0.04 0.03 0.02 0.01
0.11 0.17 0.2 0.14 0.1 0.07 0.06 0.05 0.04 0.03 0.02 0.01
0.11 0.16 0.19 0.18 0.08 0.07 0.06 0.05 0.04 0.03 0.02 0.01
0.07 0.09 0.1 0.13 0.32 0.08 0.06 0.05 0.04 0.03 0.02 0.01
0.34 0.11 0.1 0.09 0.08 0.07 0.06 0.05 0.04 0.03 0.02 0.01
0.34 0.11 0.1 0.09 0.08 0.07 0.06 0.05 0.04 0.03 0.02 0.01
0.23 0.22 0.1 0.09 0.08 0.07 0.06 0.05 0.04 0.03 0.02 0.01
0.16 0.24 0.15 0.09 0.08 0.07 0.06 0.05 0.04 0.03 0.02 0.01
0.14 0.22 0.18 0.1 0.08 0.07 0.06 0.05 0.04 0.03 0.02 0.01
0.12 0.24 0.19 0.09 0.08 0.07 0.06 0.05 0.04 0.03 0.02 0.01
0.11 0.21 0.23 0.09 0.08 0.07 0.06 0.05 0.04 0.03 0.02 0.01
0.11 0.18 0.19 0.14 0.1 0.07 0.06 0.05 0.04 0.03 0.02 0.01
0.11 0.17 0.19 0.16 0.09 0.07 0.06 0.05 0.04 0.03 0.02 0.01
0.11 0.16 0.19 0.18 0.08 0.07 0.06 0.05 0.04 0.03 0.02 0.01
0.07 0.09 0.1 0.13 0.32 0.08 0.06 0.05 0.04 0.03 0.02 0.01
0.34 0.11 0.1 0.09 0.08 0.07 0.06 0.05 0.04 0.03 0.02 0.01
0.34 0.11 0.1 0.09 0.08 0.07 0.06 0.05 0.04 0.03 0.02 0.01
0.23 0.22 0.1 0.09 0.08 0.07 0.06 0.05 0.04 0.03 0.02 0.01
0.16 0.24 0.15 0.09 0.08 0.07 0.06 0.05 0.04 0.03 0.02 0.01
0.14 0.22 0.19 0.09 0.08 0.07 0.06 0.05 0.04 0.03 0.02 0.01
0.12 0.24 0.19 0.09 0.08 0.07 0.06 0.05 0.04 0.03 0.02 0.01
0.11 0.22 0.21 0.1 0.08 0.07 0.06 0.05 0.04 0.03 0.02 0.01
0.11 0.18 0.19 0.15 0.09 0.07 0.06 0.05 0.04 0.03 0.02 0.01
0.11 0.17 0.2 0.14 0.1 0.07 0.06 0.05 0.04 0.03 0.02 0.01
0.11 0.16 0.19 0.18 0.08 0.07 0.06 0.05 0.04 0.03 0.02 0.01
0.07 0.09 0.1 0.13 0.32 0.08 0.06 0.05 0.04 0.03 0.02 0.01
0.34 0.11 0.1 0.09 0.08 0.07 0.06 0.05 0.04 0.03 0.02 0.01
0.34 0.11 0.1 0.09 0.08 0.07 0.06 0.05 0.04 0.03 0.02 0.01
0.23 0.22 0.1 0.09 0.08 0.07 0.06 0.05 0.04 0.03 0.02 0.01
0.16 0.24 0.15 0.09 0.08 0.07 0.06 0.05 0.04 0.03 0.02 0.01
0.14 0.22 0.19 0.09 0.08 0.07 0.06 0.05 0.04 0.03 0.02 0.01
0.12 0.24 0.19 0.09 0.08 0.07 0.06 0.05 0.04 0.03 0.02 0.01
0.11 0.22 0.21 0.1 0.08 0.07 0.06 0.05 0.04 0.03 0.02 0.01
0.11 0.18 0.19 0.15 0.09 0.07 0.06 0.05 0.04 0.03 0.02 0.01
0.11 0.17 0.2 0.14 0.1 0.07 0.06 0.05 0.04 0.03 0.02 0.01
0.11 0.16 0.19 0.18 0.08 0.07 0.06 0.05 0.04 0.03 0.02 0.01
0.07 0.09 0.1 0.13 0.32 0.08 0.06 0.05 0.04 0.03 0.02 0.01
0.34 0.11 0.1 0.09 0.08 0.07 0.06 0.05 0.04 0.03 0.02 0.01
0.34 0.11 0.1 0.09 0.08 0.07 0.06 0.05 0.04 0.03 0.02 0.01
0.23 0.22 0.1 0.09 0.08 0.07 0.06 0.05 0.04 0.03 0.02 0.01
0.16 0.24 0.15 0.09 0.08 0.07 0.06 0.05 0.04 0.03 0.02 0.01
0.14 0.22 0.18 0.1 0.08 0.07 0.06 0.05 0.04 0.03 0.02 0.01
0.12 0.24 0.19 0.09 0.08 0.07 0.06 0.05 0.04 0.03 0.02 0.01
0.11 0.22 0.21 0.1 0.08 0.07 0.06 0.05 0.04 0.03 0.02 0.01
0.11 0.18 0.19 0.14 0.1 0.07 0.06 0.05 0.04 0.03 0.02 0.01
0.11 0.17 0.2 0.14 0.1 0.07 0.06 0.05 0.04 0.03 0.02 0.01
0.11 0.16 0.19 0.18 0.08 0.07 0.06 0.05 0.04 0.03 0.02 0.01
0.07 0.09 0.1 0.13 0.32 0.08 0.06 0.05 0.04 0.03 0.02 0.01
0.34 0.11 0.1 0.09 0.08 0.07 0.06 0.05 0.04 0.03 0.02 0.01
0.34 0.11 0.1 0.09 0.08 0.07 0.06 0.05 0.04 0.03 0.02 0.01
0.23 0.22 0.1 0.09 0.08 0.07 0.06 0.05 0.04 0.03 0.02 0.01
0.16 0.24 0.15 0.09 0.08 0.07 0.06 0.05 0.04 0.03 0.02 0.01
0.14 0.22 0.19 0.09 0.08 0.07 0.06 0.05 0.04 0.03 0.02 0.01
0.12 0.24 0.19 0.09 0.08 0.07 0.06 0.05 0.04 0.03 0.02 0.01
0.11 0.22 0.21 0.1 0.08 0.07 0.06 0.05 0.04 0.03 0.02 0.01
0.11 0.18 0.19 0.15 0.09 0.07 0.06 0.05 0.04 0.03 0.02 0.01
0.11 0.17 0.2 0.14 0.1 0.07 0.06 0.05 0.04 0.03 0.02 0.01
0.11 0.16 0.19 0.18 0.08 0.07 0.06 0.05 0.04 0.03 0.02 0.01
0.07 0.09 0.1 0.13 0.32 0.08 0.06 0.05 0.04 0.03 0.02 0.01
0.34 0.11 0.1 0.09 0.08 0.07 0.06 0.05 0.04 0.03 0.02 0.01
0.34 0.11 0.1 0.09 0.08 0.07 0.06 0.05 0.04 0.03 0.02 0.01
0.23 0.22 0.1 0.09 0.08 0.07 0.06 0.05 0.04 0.03 0.02 0.01
0.16 0.24 0.15 0.09 0.08 0.07 0.06 0.05 0.04 0.03 0.02 0.01
0.14 0.22 0.19 0.09 0.08 0.07 0.06 0.05 0.04 0.03 0.02 0.01
0.12 0.24 0.19 0.09 0.08 0.07 0.06 0.05 0.04 0.03 0.02 0.01
0.11 0.22 0.21 0.1 0.08 0.07 0.06 0.05 0.04 0.03 0.02 0.01
0.11 0.18 0.19 0.15 0.09 0.07 0.06 0.05 0.04 0.03 0.02 0.01
0.11 0.17 0.2 0.14 0.1 0.07 0.06 0.05 0.04 0.03 0.02 0.01
0.11 0.16 0.19 0.18 0.08 0.07 0.06 0.05 0.04 0.03 0.02 0.01
0.07 0.09 0.1 0.13 0.32 0.08 0.06 0.05 0.04 0.03 0.02 0.01
0.34 0.11 0.1 0.09 0.08 0.07 0.06 0.05 0.04 0.03 0.02 0.01
0.34 0.11 0.1 0.09 0.08 0.07 0.06 0.05 0.04 0.03 0.02 0.01
0.23 0.22 0.1 0.09 0.08 0.07 0.06 0.05 0.04 0.03 0.02 0.01
0.16 0.24 0.15 0.09 0.08 0.07 0.06 0.05 0.04 0.03 0.02 0.01
0.14 0.22 0.19 0.09 0.08 0.07 0.06 0.05 0.04 0.03 0.02 0.01
0.12 0.24 0.19 0.09 0.08 0.07 0.06 0.05 0.04 0.03 0.02 0.01
0.11 0.22 0.21 0.1 0.08 0.07 0.06 0.05 0.04 0.03 0.02 0.01
0.11 0.18 0.19 0.15 0.09 0.07 0.06 0.05 0.04 0.03 0.02 0.01
0.11 0.17 0.2 0.14 0.1 0.07 0.06 0.05 0.04 0.03 0.02 0.01
0.11 0.16 0.19 0.18 0.08 0.07 0.06 0.05 0.04 0.03 0.02 0.01
0.07 0.09 0.1 0.13 0.32 0.08 0.06 0.05 0.04 0.03 0.02 0.01
0.07 0.09 0.1 0.13 0.32 0.08 0.06 0.05 0.04 0.03 0.02 0.01
0.07 0.09 0.1 0.13 0.32 0.08 0.06 0.05 0.04 0.03 0.02 0.01
0.07 0.09 0.1 0.13 0.32 0.08 0.06 0.05 0.04 0.03 0.02 0.01
0.07 0.09 0.1 0.13 0.32 0.08 0.06 0.05 0.04 0.03 0.02 0.01
0.07 0.09 0.1 0.13 0.32 0.08 0.06 0.05 0.04 0.03 0.02 0.01
0.07 0.09 0.1 0.13 0.32 0.08 0.06 0.05 0.04 0.03 0.02 0.01
0.07 0.09 0.1 0.13 0.32 0.08 0.06 0.05 0.04 0.03 0.02 0.01
0.07 0.09 0.1 0.13 0.32 0.08 0.06 0.05 0.04 0.03 0.02 0.01
0.07 0.09 0.1 0.13 0.32 0.08 0.06 0.05 0.04 0.03 0.02 0.01
0.07 0.09 0.1 0.13 0.32 0.08 0.06 0.05 0.04 0.03 0.02 0.01
0.11 0.17 0.2 0.14 0.1 0.07 0.06 0.05 0.04 0.03 0.02 0.01