0.25 0.54 0.06 0.05 0.04 0.03 0.02 0.01
0.14 0.41 0.3 0.05 0.04 0.03 0.02 0.01
0.12 0.34 0.37 0.07 0.04 0.03 0.02 0.01
0.11 0.28 0.35 0.16 0.04 0.03 0.02 0.01
0.12 0.24 0.33 0.21 0.04 0.03 0.02 0.01
0.12 0.26 0.3 0.22 0.04 0.03 0.02 0.01
0.13 0.25 0.31 0.21 0.04 0.03 0.02 0.01
0.15 0.24 0.28 0.23 0.04 0.03 0.02 0.01
0.15 0.27 0.28 0.2 0.04 0.03 0.02 0.01
0.17 0.25 0.27 0.21 0.04 0.03 0.02 0.01
0.05 0.12 0.44 0.29 0.04 0.03 0.02 0.01
0.05 0.72 0.07 0.06 0.04 0.03 0.02 0.01
0.05 0.61 0.18 0.06 0.04 0.03 0.02 0.01
0.05 0.48 0.29 0.08 0.04 0.03 0.02 0.01
0.05 0.41 0.36 0.08 0.04 0.03 0.02 0.01
0.05 0.35 0.42 0.08 0.04 0.03 0.02 0.01
0.05 0.36 0.34 0.15 0.04 0.03 0.02 0.01
0.05 0.34 0.33 0.18 0.04 0.03 0.02 0.01
0.05 0.34 0.32 0.19 0.04 0.03 0.02 0.01
0.05 0.32 0.33 0.2 0.04 0.03 0.02 0.01
0.05 0.31 0.3 0.24 0.04 0.03 0.02 0.01
0.12 0.06 0.43 0.29 0.04 0.03 0.02 0.01
0.13 0.05 0.66 0.06 0.04 0.03 0.02 0.01
0.09 0.05 0.7 0.06 0.04 0.03 0.02 0.01
0.08 0.05 0.68 0.09 0.04 0.03 0.02 0.01
0.08 0.05 0.62 0.15 0.04 0.03 0.02 0.01
0.08 0.05 0.57 0.2 0.04 0.03 0.02 0.01
0.08 0.05 0.58 0.19 0.04 0.03 0.02 0.01
0.08 0.05 0.55 0.22 0.04 0.03 0.02 0.01
0.08 0.05 0.52 0.25 0.04 0.03 0.02 0.01
0.09 0.05 0.51 0.25 0.04 0.03 0.02 0.01
0.08 0.05 0.48 0.29 0.04 0.03 0.02 0.01
0.07 0.33 0.2 0.3 0.04 0.03 0.02 0.01
0.14 0.41 0.05 0.3 0.04 0.03 0.02 0.01
0.13 0.28 0.19 0.3 0.04 0.03 0.02 0.01
0.12 0.23 0.26 0.29 0.04 0.03 0.02 0.01
0.12 0.27 0.21 0.3 0.04 0.03 0.02 0.01
0.12 0.28 0.2 0.3 0.04 0.03 0.02 0.01
0.14 0.22 0.25 0.29 0.04 0.03 0.02 0.01
0.14 0.27 0.19 0.3 0.04 0.03 0.02 0.01
0.16 0.25 0.19 0.3 0.04 0.03 0.02 0.01
0.17 0.23 0.2 0.3 0.04 0.03 0.02 0.01
0.18 0.25 0.17 0.3 0.04 0.03 0.02 0.01
0.05 0.13 0.46 0.26 0.04 0.03 0.02 0.01
0.14 0.41 0.3 0.05 0.04 0.03 0.02 0.01
0.12 0.34 0.37 0.07 0.04 0.03 0.02 0.01
0.11 0.28 0.36 0.15 0.04 0.03 0.02 0.01
0.12 0.25 0.3 0.23 0.04 0.03 0.02 0.01
0.12 0.25 0.34 0.19 0.04 0.03 0.02 0.01
0.13 0.25 0.32 0.2 0.04 0.03 0.02 0.01
0.15 0.25 0.26 0.24 0.04 0.03 0.02 0.01
0.15 0.27 0.29 0.19 0.04 0.03 0.02 0.01
0.17 0.26 0.25 0.22 0.04 0.03 0.02 0.01
0.17 0.28 0.23 0.22 0.04 0.03 0.02 0.01
0.05 0.12 0.44 0.29 0.04 0.03 0.02 0.01
0.14 0.41 0.3 0.05 0.04 0.03 0.02 0.01
0.12 0.34 0.37 0.07 0.04 0.03 0.02 0.01
0.11 0.28 0.36 0.15 0.04 0.03 0.02 0.01
0.12 0.25 0.3 0.23 0.04 0.03 0.02 0.01
0.12 0.25 0.34 0.19 0.04 0.03 0.02 0.01
0.13 0.25 0.32 0.2 0.04 0.03 0.02 0.01
0.15 0.25 0.26 0.24 0.04 0.03 0.02 0.01
0.15 0.27 0.29 0.19 0.04 0.03 0.02 0.01
0.17 0.25 0.28 0.2 0.04 0.03 0.02 0.01
0.17 0.27 0.26 0.2 0.04 0.03 0.02 0.01
0.05 0.12 0.44 0.29 0.04 0.03 0.02 0.01
0.14 0.41 0.3 0.05 0.04 0.03 0.02 0.01
0.12 0.34 0.37 0.07 0.04 0.03 0.02 0.01
0.11 0.28 0.36 0.15 0.04 0.03 0.02 0.01
0.12 0.25 0.3 0.23 0.04 0.03 0.02 0.01
0.12 0.26 0.3 0.22 0.04 0.03 0.02 0.01
0.13 0.26 0.28 0.23 0.04 0.03 0.02 0.01
0.15 0.24 0.29 0.22 0.04 0.03 0.02 0.01
0.15 0.27 0.29 0.19 0.04 0.03 0.02 0.01
0.17 0.25 0.28 0.2 0.04 0.03 0.02 0.01
0.17 0.27 0.26 0.2 0.04 0.03 0.02 0.01
0.05 0.12 0.44 0.29 0.04 0.03 0.02 0.01
0.14 0.41 0.3 0.05 0.04 0.03 0.02 0.01
0.12 0.34 0.37 0.07 0.04 0.03 0.02 0.01
0.11 0.29 0.32 0.18 0.04 0.03 0.02 0.01
0.12 0.24 0.33 0.21 0.04 0.03 0.02 0.01
0.12 0.26 0.3 0.22 0.04 0.03 0.02 0.01
0.13 0.26 0.28 0.23 0.04 0.03 0.02 0.01
0.15 0.24 0.29 0.22 0.04 0.03 0.02 0.01
0.15 0.27 0.28 0.2 0.04 0.03 0.02 0.01
0.17 0.25 0.27 0.21 0.04 0.03 0.02 0.01
0.17 0.27 0.26 0.2 0.04 0.03 0.02 0.01
0.05 0.12 0.44 0.29 0.04 0.03 0.02 0.01
0.14 0.41 0.3 0.05 0.04 0.03 0.02 0.01
0.12 0.34 0.37 0.07 0.04 0.03 0.02 0.01
0.11 0.28 0.35 0.16 0.04 0.03 0.02 0.01
0.12 0.24 0.33 0.21 0.04 0.03 0.02 0.01
0.12 0.26 0.3 0.22 0.04 0.03 0.02 0.01
0.13 0.25 0.31 0.21 0.04 0.03 0.02 0.01
0.15 0.24 0.28 0.23 0.04 0.03 0.02 0.01
0.15 0.27 0.28 0.2 0.04 0.03 0.02 0.01
0.17 0.25 0.27 0.21 0.04 0.03 0.02 0.01
0.17 0.27 0.26 0.2 0.04 0.03 0.02 0.01
0.05 0.12 0.44 0.29 0.04 0.03 0.02 0.01
0.14 0.41 0.3 0.05 0.04 0.03 0.02 0.01
0.12 0.34 0.37 0.07 0.04 0.03 0.02 0.01
0.11 0.28 0.35 0.16 0.04 0.03 0.02 0.01
0.12 0.24 0.33 0.21 0.04 0.03 0.02 0.01
0.12 0.26 0.3 0.22 0.04 0.03 0.02 0.01
0.13 0.25 0.31 0.21 0.04 0.03 0.02 0.01
0.15 0.24 0.28 0.23 0.04 0.03 0.02 0.01
0.15 0.27 0.28 0.2 0.04 0.03 0.02 0.01
0.17 0.25 0.27 0.21 0.04 0.03 0.02 0.01
0.17 0.27 0.26 0.2 0.04 0.03 0.02 0.01
0.05 0.12 0.44 0.29 0.04 0.03 0.02 0.01
0.14 0.41 0.3 0.05 0.04 0.03 0.02 0.01
0.12 0.34 0.37 0.07 0.04 0.03 0.02 0.01
0.11 0.28 0.35 0.16 0.04 0.03 0.02 0.01
0.12 0.24 0.33 0.21 0.04 0.03 0.02 0.01
0.12 0.26 0.3 0.22 0.04 0.03 0.02 0.01
0.13 0.25 0.31 0.21 0.04 0.03 0.02 0.01
0.15 0.24 0.28 0.23 0.04 0.03 0.02 0.01
0.15 0.27 0.28 0.2 0.04 0.03 0.02 0.01
0.17 0.25 0.27 0.21 0.04 0.03 0.02 0.01
0.17 0.27 0.26 0.2 0.04 0.03 0.02 0.01
0.05 0.12 0.44 0.29 0.04 0.03 0.02 0.01
0.14 0.41 0.3 0.05 0.04 0.03 0.02 0.01
0.12 0.34 0.37 0.07 0.04 0.03 0.02 0.01
0.11 0.28 0.35 0.16 0.04 0.03 0.02 0.01
0.12 0.24 0.33 0.21 0.04 0.03 0.02 0.01
0.12 0.26 0.3 0.22 0.04 0.03 0.02 0.01
0.13 0.25 0.31 0.21 0.04 0.03 0.02 0.01
0.15 0.24 0.28 0.23 0.04 0.03 0.02 0.01
0.15 0.27 0.28 0.2 0.04 0.03 0.02 0.01
0.17 0.25 0.27 0.21 0.04 0.03 0.02 0.01
0.17 0.27 0.26 0.2 0.04 0.03 0.02 0.01
0.05 0.12 0.44 0.29 0.04 0.03 0.02 0.01
0.26 0.05 0.53 0.06 0.04 0.03 0.02 0.01
0.14 0.05 0.56 0.15 0.04 0.03 0.02 0.01
0.12 0.05 0.5 0.23 0.04 0.03 0.02 0.01
0.12 0.06 0.43 0.29 0.04 0.03 0.02 0.01
0.12 0.09 0.41 0.28 0.04 0.03 0.02 0.01
0.12 0.09 0.42 0.27 0.04 0.03 0.02 0.01
0.13 0.09 0.4 0.28 0.04 0.03 0.02 0.01
0.15 0.1 0.37 0.28 0.04 0.03 0.02 0.01
0.16 0.12 0.35 0.27 0.04 0.03 0.02 0.01
0.17 0.09 0.35 0.29 0.04 0.03 0.02 0.01
0.05 0.28 0.3 0.27 0.04 0.03 0.02 0.01
0.26 0.29 0.05 0.3 0.04 0.03 0.02 0.01
0.15 0.28 0.17 0.3 0.04 0.03 0.02 0.01
0.13 0.25 0.22 0.3 0.04 0.03 0.02 0.01
0.12 0.29 0.19 0.3 0.04 0.03 0.02 0.01
0.12 0.24 0.25 0.29 0.04 0.03 0.02 0.01
0.12 0.26 0.22 0.3 0.04 0.03 0.02 0.01
0.13 0.26 0.21 0.3 0.04 0.03 0.02 0.01
0.14 0.25 0.21 0.3 0.04 0.03 0.02 0.01
0.16 0.22 0.23 0.29 0.04 0.03 0.02 0.01
0.17 0.19 0.25 0.29 0.04 0.03 0.02 0.01
0.05 0.13 0.43 0.29 0.04 0.03 0.02 0.01
0.26 0.44 0.15 0.05 0.04 0.03 0.02 0.01
0.14 0.38 0.33 0.05 0.04 0.03 0.02 0.01
0.13 0.24 0.27 0.26 0.04 0.03 0.02 0.01
0.12 0.27 0.32 0.19 0.04 0.03 0.02 0.01
0.12 0.23 0.29 0.26 0.04 0.03 0.02 0.01
0.12 0.24 0.31 0.23 0.04 0.03 0.02 0.01
0.13 0.23 0.32 0.22 0.04 0.03 0.02 0.01
0.15 0.23 0.25 0.27 0.04 0.03 0.02 0.01
0.16 0.21 0.24 0.29 0.04 0.03 0.02 0.01
0.16 0.23 0.29 0.22 0.04 0.03 0.02 0.01
0.05 0.13 0.43 0.29 0.04 0.03 0.02 0.01
0.26 0.44 0.15 0.05 0.04 0.03 0.02 0.01
0.14 0.38 0.33 0.05 0.04 0.03 0.02 0.01
0.13 0.24 0.27 0.26 0.04 0.03 0.02 0.01
0.12 0.27 0.32 0.19 0.04 0.03 0.02 0.01
0.12 0.23 0.29 0.26 0.04 0.03 0.02 0.01
0.13 0.24 0.28 0.25 0.04 0.03 0.02 0.01
0.13 0.23 0.32 0.22 0.04 0.03 0.02 0.01
0.15 0.22 0.28 0.25 0.04 0.03 0.02 0.01
0.16 0.21 0.23 0.3 0.04 0.03 0.02 0.01
0.16 0.23 0.29 0.22 0.04 0.03 0.02 0.01
0.05 0.13 0.43 0.29 0.04 0.03 0.02 0.01
0.26 0.44 0.15 0.05 0.04 0.03 0.02 0.01
0.14 0.38 0.33 0.05 0.04 0.03 0.02 0.01
0.13 0.23 0.3 0.24 0.04 0.03 0.02 0.01
0.12 0.27 0.32 0.19 0.04 0.03 0.02 0.01
0.12 0.22 0.32 0.24 0.04 0.03 0.02 0.01
0.13 0.24 0.28 0.25 0.04 0.03 0.02 0.01
0.13 0.23 0.32 0.22 0.04 0.03 0.02 0.01
0.15 0.22 0.28 0.25 0.04 0.03 0.02 0.01
0.16 0.2 0.26 0.28 0.04 0.03 0.02 0.01
0.16 0.23 0.29 0.22 0.04 0.03 0.02 0.01
0.05 0.13 0.43 0.29 0.04 0.03 0.02 0.01
0.26 0.44 0.15 0.05 0.04 0.03 0.02 0.01
0.14 0.38 0.33 0.05 0.04 0.03 0.02 0.01
0.13 0.23 0.3 0.24 0.04 0.03 0.02 0.01
0.12 0.27 0.32 0.19 0.04 0.03 0.02 0.01
0.12 0.23 0.28 0.27 0.04 0.03 0.02 0.01
0.13 0.24 0.27 0.26 0.04 0.03 0.02 0.01
0.13 0.24 0.28 0.25 0.04 0.03 0.02 0.01
0.15 0.22 0.27 0.26 0.04 0.03 0.02 0.01
0.16 0.2 0.26 0.28 0.04 0.03 0.02 0.01
0.17 0.23 0.26 0.24 0.04 0.03 0.02 0.01
0.05 0.13 0.43 0.29 0.04 0.03 0.02 0.01
0.26 0.44 0.15 0.05 0.04 0.03 0.02 0.01
0.14 0.38 0.32 0.06 0.04 0.03 0.02 0.01
0.13 0.23 0.3 0.24 0.04 0.03 0.02 0.01
0.12 0.27 0.32 0.19 0.04 0.03 0.02 0.01
0.12 0.23 0.28 0.27 0.04 0.03 0.02 0.01
0.13 0.24 0.27 0.26 0.04 0.03 0.02 0.01
0.13 0.24 0.28 0.25 0.04 0.03 0.02 0.01
0.15 0.22 0.27 0.26 0.04 0.03 0.02 0.01
0.16 0.2 0.26 0.28 0.04 0.03 0.02 0.01
0.17 0.23 0.26 0.24 0.04 0.03 0.02 0.01
0.05 0.13 0.43 0.29 0.04 0.03 0.02 0.01
0.26 0.44 0.15 0.05 0.04 0.03 0.02 0.01
0.14 0.38 0.32 0.06 0.04 0.03 0.02 0.01
0.13 0.23 0.3 0.24 0.04 0.03 0.02 0.01
0.12 0.27 0.32 0.19 0.04 0.03 0.02 0.01
0.12 0.23 0.28 0.27 0.04 0.03 0.02 0.01
0.13 0.24 0.27 0.26 0.04 0.03 0.02 0.01
0.13 0.24 0.28 0.25 0.04 0.03 0.02 0.01
0.15 0.22 0.27 0.26 0.04 0.03 0.02 0.01
0.16 0.2 0.26 0.28 0.04 0.03 0.02 0.01
0.17 0.23 0.26 0.24 0.04 0.03 0.02 0.01
0.05 0.13 0.43 0.29 0.04 0.03 0.02 0.01
0.26 0.44 0.15 0.05 0.04 0.03 0.02 0.01
0.14 0.38 0.32 0.06 0.04 0.03 0.02 0.01
0.13 0.23 0.3 0.24 0.04 0.03 0.02 0.01
0.12 0.27 0.32 0.19 0.04 0.03 0.02 0.01
0.12 0.23 0.28 0.27 0.04 0.03 0.02 0.01
0.13 0.24 0.27 0.26 0.04 0.03 0.02 0.01
0.13 0.24 0.28 0.25 0.04 0.03 0.02 0.01
0.15 0.22 0.27 0.26 0.04 0.03 0.02 0.01
0.16 0.2 0.26 0.28 0.04 0.03 0.02 0.01
0.17 0.23 0.26 0.24 0.04 0.03 0.02 0.01
0.05 0.13 0.43 0.29 0.04 0.03 0.02 0.01
0.26 0.44 0.15 0.05 0.04 0.03 0.02 0.01
0.14 0.38 0.32 0.06 0.04 0.03 0.02 0.01
0.13 0.23 0.3 0.24 0.04 0.03 0.02 0.01
0.12 0.27 0.32 0.19 0.04 0.03 0.02 0.01
0.12 0.23 0.28 0.27 0.04 0.03 0.02 0.01
0.13 0.24 0.27 0.26 0.04 0.03 0.02 0.01
0.13 0.24 0.28 0.25 0.04 0.03 0.02 0.01
0.15 0.22 0.27 0.26 0.04 0.03 0.02 0.01
0.16 0.2 0.26 0.28 0.04 0.03 0.02 0.01
0.17 0.23 0.26 0.24 0.04 0.03 0.02 0.01
0.05 0.13 0.43 0.29 0.04 0.03 0.02 0.01
0.25 0.54 0.05 0.06 0.04 0.03 0.02 0.01
0.14 0.41 0.05 0.3 0.04 0.03 0.02 0.01
0.12 0.36 0.13 0.29 0.04 0.03 0.02 0.01
0.11 0.3 0.2 0.29 0.04 0.03 0.02 0.01
0.11 0.31 0.18 0.3 0.04 0.03 0.02 0.01
0.12 0.27 0.21 0.3 0.04 0.03 0.02 0.01
0.13 0.26 0.21 0.3 0.04 0.03 0.02 0.01
0.14 0.29 0.17 0.3 0.04 0.03 0.02 0.01
0.15 0.28 0.17 0.3 0.04 0.03 0.02 0.01
0.16 0.29 0.15 0.3 0.04 0.03 0.02 0.01
0.05 0.13 0.43 0.29 0.04 0.03 0.02 0.01
0.25 0.54 0.06 0.05 0.04 0.03 0.02 0.01
0.13 0.52 0.2 0.05 0.04 0.03 0.02 0.01
0.11 0.43 0.28 0.08 0.04 0.03 0.02 0.01
0.11 0.36 0.27 0.16 0.04 0.03 0.02 0.01
0.11 0.3 0.31 0.18 0.04 0.03 0.02 0.01
0.12 0.31 0.24 0.23 0.04 0.03 0.02 0.01
0.12 0.3 0.25 0.23 0.04 0.03 0.02 0.01
0.14 0.28 0.29 0.19 0.04 0.03 0.02 0.01
0.14 0.3 0.28 0.18 0.04 0.03 0.02 0.01
0.15 0.32 0.25 0.18 0.04 0.03 0.02 0.01
0.05 0.13 0.43 0.29 0.04 0.03 0.02 0.01
0.25 0.54 0.06 0.05 0.04 0.03 0.02 0.01
0.13 0.52 0.2 0.05 0.04 0.03 0.02 0.01
0.11 0.43 0.28 0.08 0.04 0.03 0.02 0.01
0.11 0.36 0.27 0.16 0.04 0.03 0.02 0.01
0.11 0.3 0.31 0.18 0.04 0.03 0.02 0.01
0.12 0.31 0.24 0.23 0.04 0.03 0.02 0.01
0.12 0.3 0.25 0.23 0.04 0.03 0.02 0.01
0.14 0.29 0.23 0.24 0.04 0.03 0.02 0.01
0.14 0.3 0.28 0.18 0.04 0.03 0.02 0.01
0.16 0.29 0.24 0.21 0.04 0.03 0.02 0.01
0.05 0.13 0.43 0.29 0.04 0.03 0.02 0.01
0.25 0.54 0.06 0.05 0.04 0.03 0.02 0.01
0.13 0.52 0.2 0.05 0.04 0.03 0.02 0.01
0.11 0.43 0.28 0.08 0.04 0.03 0.02 0.01
0.11 0.36 0.27 0.16 0.04 0.03 0.02 0.01
0.11 0.3 0.31 0.18 0.04 0.03 0.02 0.01
0.12 0.31 0.24 0.23 0.04 0.03 0.02 0.01
0.12 0.3 0.25 0.23 0.04 0.03 0.02 0.01
0.13 0.32 0.26 0.19 0.04 0.03 0.02 0.01
0.14 0.3 0.28 0.18 0.04 0.03 0.02 0.01
0.15 0.32 0.24 0.19 0.04 0.03 0.02 0.01
0.05 0.13 0.43 0.29 0.04 0.03 0.02 0.01
0.25 0.54 0.06 0.05 0.04 0.03 0.02 0.01
0.13 0.52 0.2 0.05 0.04 0.03 0.02 0.01
0.11 0.42 0.32 0.05 0.04 0.03 0.02 0.01
0.11 0.36 0.27 0.16 0.04 0.03 0.02 0.01
0.11 0.3 0.29 0.2 0.04 0.03 0.02 0.01
0.12 0.3 0.29 0.19 0.04 0.03 0.02 0.01
0.12 0.29 0.3 0.19 0.04 0.03 0.02 0.01
0.13 0.32 0.26 0.19 0.04 0.03 0.02 0.01
0.14 0.3 0.27 0.19 0.04 0.03 0.02 0.01
0.15 0.32 0.24 0.19 0.04 0.03 0.02 0.01
0.05 0.13 0.43 0.29 0.04 0.03 0.02 0.01
0.25 0.54 0.06 0.05 0.04 0.03 0.02 0.01
0.13 0.52 0.2 0.05 0.04 0.03 0.02 0.01
0.11 0.42 0.32 0.05 0.04 0.03 0.02 0.01
0.11 0.35 0.32 0.12 0.04 0.03 0.02 0.01
0.11 0.3 0.29 0.2 0.04 0.03 0.02 0.01
0.12 0.3 0.29 0.19 0.04 0.03 0.02 0.01
0.12 0.29 0.3 0.19 0.04 0.03 0.02 0.01
0.13 0.32 0.26 0.19 0.04 0.03 0.02 0.01
0.14 0.3 0.27 0.19 0.04 0.03 0.02 0.01
0.15 0.32 0.23 0.2 0.04 0.03 0.02 0.01
0.05 0.13 0.43 0.29 0.04 0.03 0.02 0.01
0.25 0.54 0.06 0.05 0.04 0.03 0.02 0.01
0.13 0.52 0.2 0.05 0.04 0.03 0.02 0.01
0.11 0.42 0.32 0.05 0.04 0.03 0.02 0.01
0.11 0.35 0.32 0.12 0.04 0.03 0.02 0.01
0.11 0.3 0.29 0.2 0.04 0.03 0.02 0.01
0.12 0.3 0.29 0.19 0.04 0.03 0.02 0.01
0.12 0.29 0.3 0.19 0.04 0.03 0.02 0.01
0.13 0.32 0.26 0.19 0.04 0.03 0.02 0.01
0.14 0.3 0.27 0.19 0.04 0.03 0.02 0.01
0.15 0.32 0.23 0.2 0.04 0.03 0.02 0.01
0.05 0.13 0.43 0.29 0.04 0.03 0.02 0.01
0.25 0.54 0.06 0.05 0.04 0.03 0.02 0.01
0.13 0.52 0.2 0.05 0.04 0.03 0.02 0.01
0.11 0.42 0.32 0.05 0.04 0.03 0.02 0.01
0.11 0.35 0.32 0.12 0.04 0.03 0.02 0.01
0.11 0.3 0.29 0.2 0.04 0.03 0.02 0.01
0.12 0.3 0.29 0.19 0.04 0.03 0.02 0.01
0.12 0.29 0.3 0.19 0.04 0.03 0.02 0.01
0.13 0.32 0.26 0.19 0.04 0.03 0.02 0.01
0.14 0.3 0.27 0.19 0.04 0.03 0.02 0.01
0.15 0.32 0.23 0.2 0.04 0.03 0.02 0.01
0.05 0.13 0.43 0.29 0.04 0.03 0.02 0.01
0.25 0.54 0.06 0.05 0.04 0.03 0.02 0.01
0.13 0.52 0.2 0.05 0.04 0.03 0.02 0.01
0.11 0.42 0.32 0.05 0.04 0.03 0.02 0.01
0.11 0.35 0.32 0.12 0.04 0.03 0.02 0.01
0.11 0.3 0.29 0.2 0.04 0.03 0.02 0.01
0.12 0.3 0.29 0.19 0.04 0.03 0.02 0.01
0.12 0.29 0.3 0.19 0.04 0.03 0.02 0.01
0.13 0.32 0.26 0.19 0.04 0.03 0.02 0.01
0.14 0.3 0.27 0.19 0.04 0.03 0.02 0.01
0.15 0.32 0.23 0.2 0.04 0.03 0.02 0.01
0.05 0.13 0.43 0.29 0.04 0.03 0.02 0.01
0.25 0.54 0.06 0.05 0.04 0.03 0.02 0.01
0.13 0.52 0.2 0.05 0.04 0.03 0.02 0.01
0.11 0.42 0.32 0.05 0.04 0.03 0.02 0.01
0.11 0.35 0.32 0.12 0.04 0.03 0.02 0.01
0.11 0.3 0.29 0.2 0.04 0.03 0.02 0.01
0.12 0.3 0.29 0.19 0.04 0.03 0.02 0.01
0.12 0.29 0.3 0.19 0.04 0.03 0.02 0.01
0.13 0.32 0.26 0.19 0.04 0.03 0.02 0.01
0.14 0.3 0.27 0.19 0.04 0.03 0.02 0.01
0.15 0.32 0.23 0.2 0.04 0.03 0.02 0.01
0.05 0.13 0.43 0.29 0.04 0.03 0.02 0.01
0.25 0.54 0.06 0.05 0.04 0.03 0.02 0.01
0.14 0.41 0.3 0.05 0.04 0.03 0.02 0.01
0.12 0.33 0.4 0.05 0.04 0.03 0.02 0.01
0.11 0.26 0.41 0.12 0.04 0.03 0.02 0.01
0.11 0.27 0.42 0.1 0.04 0.03 0.02 0.01
0.12 0.27 0.41 0.1 0.04 0.03 0.02 0.01
0.13 0.27 0.38 0.12 0.04 0.03 0.02 0.01
0.14 0.25 0.38 0.13 0.04 0.03 0.02 0.01
0.14 0.28 0.36 0.12 0.04 0.03 0.02 0.01
0.16 0.26 0.35 0.13 0.04 0.03 0.02 0.01
0.05 0.12 0.44 0.29 0.04 0.03 0.02 0.01
0.25 0.54 0.06 0.05 0.04 0.03 0.02 0.01
0.14 0.41 0.3 0.05 0.04 0.03 0.02 0.01
0.12 0.33 0.4 0.05 0.04 0.03 0.02 0.01
0.11 0.26 0.41 0.12 0.04 0.03 0.02 0.01
0.11 0.27 0.42 0.1 0.04 0.03 0.02 0.01
0.12 0.27 0.41 0.1 0.04 0.03 0.02 0.01
0.13 0.27 0.38 0.12 0.04 0.03 0.02 0.01
0.14 0.25 0.38 0.13 0.04 0.03 0.02 0.01
0.15 0.26 0.31 0.18 0.04 0.03 0.02 0.01
0.16 0.26 0.35 0.13 0.04 0.03 0.02 0.01
0.05 0.12 0.44 0.29 0.04 0.03 0.02 0.01
0.25 0.54 0.06 0.05 0.04 0.03 0.02 0.01
0.14 0.41 0.3 0.05 0.04 0.03 0.02 0.01
0.12 0.33 0.4 0.05 0.04 0.03 0.02 0.01
0.11 0.26 0.41 0.12 0.04 0.03 0.02 0.01
0.11 0.27 0.42 0.1 0.04 0.03 0.02 0.01
0.12 0.27 0.41 0.1 0.04 0.03 0.02 0.01
0.13 0.28 0.35 0.14 0.04 0.03 0.02 0.01
0.14 0.25 0.38 0.13 0.04 0.03 0.02 0.01
0.14 0.27 0.38 0.11 0.04 0.03 0.02 0.01
0.16 0.26 0.35 0.13 0.04 0.03 0.02 0.01
0.05 0.12 0.44 0.29 0.04 0.03 0.02 0.01
0.25 0.54 0.06 0.05 0.04 0.03 0.02 0.01
0.14 0.4 0.31 0.05 0.04 0.03 0.02 0.01
0.12 0.33 0.4 0.05 0.04 0.03 0.02 0.01
0.11 0.27 0.38 0.14 0.04 0.03 0.02 0.01
0.11 0.27 0.42 0.1 0.04 0.03 0.02 0.01
0.12 0.26 0.43 0.09 0.04 0.03 0.02 0.01
0.13 0.28 0.35 0.14 0.04 0.03 0.02 0.01
0.14 0.25 0.38 0.13 0.04 0.03 0.02 0.01
0.14 0.27 0.38 0.11 0.04 0.03 0.02 0.01
0.16 0.27 0.32 0.15 0.04 0.03 0.02 0.01
0.05 0.12 0.44 0.29 0.04 0.03 0.02 0.01
0.25 0.54 0.06 0.05 0.04 0.03 0.02 0.01
0.14 0.4 0.31 0.05 0.04 0.03 0.02 0.01
0.12 0.33 0.39 0.06 0.04 0.03 0.02 0.01
0.11 0.27 0.38 0.14 0.04 0.03 0.02 0.01
0.11 0.27 0.42 0.1 0.04 0.03 0.02 0.01
0.12 0.26 0.43 0.09 0.04 0.03 0.02 0.01
0.13 0.28 0.35 0.14 0.04 0.03 0.02 0.01
0.14 0.25 0.38 0.13 0.04 0.03 0.02 0.01
0.15 0.25 0.33 0.17 0.04 0.03 0.02 0.01
0.16 0.27 0.32 0.15 0.04 0.03 0.02 0.01
0.05 0.12 0.44 0.29 0.04 0.03 0.02 0.01
0.25 0.54 0.06 0.05 0.04 0.03 0.02 0.01
0.14 0.4 0.31 0.05 0.04 0.03 0.02 0.01
0.12 0.33 0.39 0.06 0.04 0.03 0.02 0.01
0.11 0.27 0.38 0.14 0.04 0.03 0.02 0.01
0.11 0.27 0.42 0.1 0.04 0.03 0.02 0.01
0.12 0.26 0.43 0.09 0.04 0.03 0.02 0.01
0.13 0.28 0.35 0.14 0.04 0.03 0.02 0.01
0.14 0.25 0.38 0.13 0.04 0.03 0.02 0.01
0.15 0.25 0.33 0.17 0.04 0.03 0.02 0.01
0.16 0.27 0.32 0.15 0.04 0.03 0.02 0.01
0.05 0.12 0.44 0.29 0.04 0.03 0.02 0.01
0.25 0.54 0.06 0.05 0.04 0.03 0.02 0.01
0.14 0.4 0.31 0.05 0.04 0.03 0.02 0.01
0.12 0.33 0.39 0.06 0.04 0.03 0.02 0.01
0.11 0.27 0.38 0.14 0.04 0.03 0.02 0.01
0.11 0.27 0.42 0.1 0.04 0.03 0.02 0.01
0.12 0.26 0.43 0.09 0.04 0.03 0.02 0.01
0.13 0.28 0.35 0.14 0.04 0.03 0.02 0.01
0.14 0.25 0.38 0.13 0.04 0.03 0.02 0.01
0.15 0.25 0.33 0.17 0.04 0.03 0.02 0.01
0.16 0.27 0.32 0.15 0.04 0.03 0.02 0.01
0.05 0.12 0.44 0.29 0.04 0.03 0.02 0.01
0.25 0.54 0.06 0.05 0.04 0.03 0.02 0.01
0.14 0.4 0.31 0.05 0.04 0.03 0.02 0.01
0.12 0.33 0.39 0.06 0.04 0.03 0.02 0.01
0.11 0.27 0.38 0.14 0.04 0.03 0.02 0.01
0.11 0.27 0.42 0.1 0.04 0.03 0.02 0.01
0.12 0.26 0.43 0.09 0.04 0.03 0.02 0.01
0.13 0.28 0.35 0.14 0.04 0.03 0.02 0.01
0.14 0.25 0.38 0.13 0.04 0.03 0.02 0.01
0.15 0.25 0.33 0.17 0.04 0.03 0.02 0.01
0.16 0.27 0.32 0.15 0.04 0.03 0.02 0.01
0.05 0.12 0.44 0.29 0.04 0.03 0.02 0.01
0.25 0.54 0.06 0.05 0.04 0.03 0.02 0.01
0.14 0.41 0.3 0.05 0.04 0.03 0.02 0.01
0.12 0.34 0.37 0.07 0.04 0.03 0.02 0.01
0.11 0.28 0.35 0.16 0.04 0.03 0.02 0.01
0.12 0.24 0.33 0.21 0.04 0.03 0.02 0.01
0.12 0.26 0.3 0.22 0.04 0.03 0.02 0.01
0.13 0.25 0.31 0.21 0.04 0.03 0.02 0.01
0.15 0.24 0.28 0.23 0.04 0.03 0.02 0.01
0.15 0.27 0.28 0.2 0.04 0.03 0.02 0.01
0.17 0.25 0.27 0.21 0.04 0.03 0.02 0.01
0.05 0.12 0.44 0.29 0.04 0.03 0.02 0.01
0.25 0.54 0.06 0.05 0.04 0.03 0.02 0.01
0.14 0.41 0.3 0.05 0.04 0.03 0.02 0.01
0.12 0.33 0.4 0.05 0.04 0.03 0.02 0.01
0.11 0.28 0.35 0.16 0.04 0.03 0.02 0.01
0.12 0.25 0.29 0.24 0.04 0.03 0.02 0.01
0.12 0.25 0.33 0.2 0.04 0.03 0.02 0.01
0.13 0.25 0.31 0.21 0.04 0.03 0.02 0.01
0.15 0.24 0.28 0.23 0.04 0.03 0.02 0.01
0.15 0.27 0.28 0.2 0.04 0.03 0.02 0.01
0.17 0.25 0.27 0.21 0.04 0.03 0.02 0.01
0.05 0.12 0.44 0.29 0.04 0.03 0.02 0.01
0.25 0.54 0.06 0.05 0.04 0.03 0.02 0.01
0.14 0.41 0.3 0.05 0.04 0.03 0.02 0.01
0.12 0.35 0.33 0.1 0.04 0.03 0.02 0.01
0.11 0.28 0.35 0.16 0.04 0.03 0.02 0.01
0.12 0.24 0.33 0.21 0.04 0.03 0.02 0.01
0.12 0.25 0.33 0.2 0.04 0.03 0.02 0.01
0.13 0.25 0.31 0.21 0.04 0.03 0.02 0.01
0.15 0.24 0.28 0.23 0.04 0.03 0.02 0.01
0.15 0.27 0.28 0.2 0.04 0.03 0.02 0.01
0.17 0.25 0.27 0.21 0.04 0.03 0.02 0.01
0.05 0.12 0.44 0.29 0.04 0.03 0.02 0.01
0.25 0.54 0.06 0.05 0.04 0.03 0.02 0.01
0.14 0.41 0.3 0.05 0.04 0.03 0.02 0.01
0.12 0.33 0.4 0.05 0.04 0.03 0.02 0.01
0.11 0.28 0.35 0.16 0.04 0.03 0.02 0.01
0.12 0.25 0.29 0.24 0.04 0.03 0.02 0.01
0.12 0.25 0.33 0.2 0.04 0.03 0.02 0.01
0.13 0.25 0.31 0.21 0.04 0.03 0.02 0.01
0.15 0.24 0.28 0.23 0.04 0.03 0.02 0.01
0.15 0.27 0.28 0.2 0.04 0.03 0.02 0.01
0.17 0.25 0.27 0.21 0.04 0.03 0.02 0.01
0.05 0.12 0.44 0.29 0.04 0.03 0.02 0.01
0.25 0.54 0.06 0.05 0.04 0.03 0.02 0.01
0.14 0.41 0.3 0.05 0.04 0.03 0.02 0.01
0.12 0.33 0.4 0.05 0.04 0.03 0.02 0.01
0.11 0.28 0.35 0.16 0.04 0.03 0.02 0.01
0.12 0.25 0.29 0.24 0.04 0.03 0.02 0.01
0.12 0.25 0.33 0.2 0.04 0.03 0.02 0.01
0.13 0.25 0.31 0.21 0.04 0.03 0.02 0.01
0.15 0.24 0.28 0.23 0.04 0.03 0.02 0.01
0.15 0.27 0.28 0.2 0.04 0.03 0.02 0.01
0.17 0.25 0.27 0.21 0.04 0.03 0.02 0.01
0.05 0.12 0.44 0.29 0.04 0.03 0.02 0.01
0.25 0.54 0.06 0.05 0.04 0.03 0.02 0.01
0.14 0.41 0.3 0.05 0.04 0.03 0.02 0.01
0.12 0.33 0.4 0.05 0.04 0.03 0.02 0.01
0.11 0.28 0.35 0.16 0.04 0.03 0.02 0.01
0.12 0.25 0.29 0.24 0.04 0.03 0.02 0.01
0.12 0.25 0.33 0.2 0.04 0.03 0.02 0.01
0.13 0.25 0.31 0.21 0.04 0.03 0.02 0.01
0.15 0.24 0.28 0.23 0.04 0.03 0.02 0.01
0.15 0.27 0.28 0.2 0.04 0.03 0.02 0.01
0.17 0.25 0.27 0.21 0.04 0.03 0.02 0.01
0.05 0.12 0.44 0.29 0.04 0.03 0.02 0.01
0.25 0.54 0.06 0.05 0.04 0.03 0.02 0.01
0.14 0.41 0.3 0.05 0.04 0.03 0.02 0.01
0.12 0.34 0.37 0.07 0.04 0.03 0.02 0.01
0.11 0.28 0.35 0.16 0.04 0.03 0.02 0.01
0.12 0.24 0.33 0.21 0.04 0.03 0.02 0.01
0.12 0.26 0.3 0.22 0.04 0.03 0.02 0.01
0.13 0.25 0.31 0.21 0.04 0.03 0.02 0.01
0.15 0.24 0.28 0.23 0.04 0.03 0.02 0.01
0.15 0.27 0.28 0.2 0.04 0.03 0.02 0.01
0.17 0.25 0.27 0.21 0.04 0.03 0.02 0.01
0.05 0.12 0.44 0.29 0.04 0.03 0.02 0.01
0.25 0.54 0.06 0.05 0.04 0.03 0.02 0.01
0.14 0.41 0.3 0.05 0.04 0.03 0.02 0.01
0.12 0.35 0.33 0.1 0.04 0.03 0.02 0.01
0.11 0.28 0.35 0.16 0.04 0.03 0.02 0.01
0.12 0.24 0.33 0.21 0.04 0.03 0.02 0.01
0.12 0.26 0.3 0.22 0.04 0.03 0.02 0.01
0.13 0.25 0.31 0.21 0.04 0.03 0.02 0.01
0.15 0.24 0.28 0.23 0.04 0.03 0.02 0.01
0.15 0.27 0.28 0.2 0.04 0.03 0.02 0.01
0.17 0.25 0.27 0.21 0.04 0.03 0.02 0.01
0.05 0.12 0.44 0.29 0.04 0.03 0.02 0.01
0.25 0.54 0.06 0.05 0.04 0.03 0.02 0.01
0.14 0.41 0.3 0.05 0.04 0.03 0.02 0.01
0.12 0.35 0.33 0.1 0.04 0.03 0.02 0.01
0.11 0.28 0.35 0.16 0.04 0.03 0.02 0.01
0.12 0.24 0.33 0.21 0.04 0.03 0.02 0.01
0.12 0.26 0.3 0.22 0.04 0.03 0.02 0.01
0.13 0.25 0.31 0.21 0.04 0.03 0.02 0.01
0.15 0.24 0.28 0.23 0.04 0.03 0.02 0.01
0.15 0.27 0.28 0.2 0.04 0.03 0.02 0.01
0.17 0.25 0.27 0.21 0.04 0.03 0.02 0.01
0.05 0.12 0.44 0.29 0.04 0.03 0.02 0.01
0.25 0.54 0.06 0.05 0.04 0.03 0.02 0.01
0.14 0.41 0.3 0.05 0.04 0.03 0.02 0.01
0.12 0.35 0.33 0.1 0.04 0.03 0.02 0.01
0.11 0.28 0.35 0.16 0.04 0.03 0.02 0.01
0.12 0.24 0.33 0.21 0.04 0.03 0.02 0.01
0.12 0.26 0.3 0.22 0.04 0.03 0.02 0.01
0.13 0.25 0.31 0.21 0.04 0.03 0.02 0.01
0.15 0.24 0.28 0.23 0.04 0.03 0.02 0.01
0.15 0.27 0.28 0.2 0.04 0.03 0.02 0.01
0.17 0.25 0.27 0.21 0.04 0.03 0.02 0.01
0.05 0.12 0.44 0.29 0.04 0.03 0.02 0.01
0.25 0.54 0.06 0.05 0.04 0.03 0.02 0.01
0.14 0.41 0.3 0.05 0.04 0.03 0.02 0.01
0.12 0.35 0.33 0.1 0.04 0.03 0.02 0.01
0.11 0.28 0.35 0.16 0.04 0.03 0.02 0.01
0.12 0.24 0.33 0.21 0.04 0.03 0.02 0.01
0.12 0.26 0.3 0.22 0.04 0.03 0.02 0.01
0.13 0.25 0.31 0.21 0.04 0.03 0.02 0.01
0.15 0.24 0.28 0.23 0.04 0.03 0.02 0.01
0.15 0.27 0.28 0.2 0.04 0.03 0.02 0.01
0.17 0.25 0.27 0.21 0.04 0.03 0.02 0.01
0.05 0.12 0.44 0.29 0.04 0.03 0.02 0.01
0.25 0.54 0.06 0.05 0.04 0.03 0.02 0.01
0.14 0.41 0.3 0.05 0.04 0.03 0.02 0.01
0.12 0.34 0.37 0.07 0.04 0.03 0.02 0.01
0.11 0.28 0.35 0.16 0.04 0.03 0.02 0.01
0.12 0.24 0.33 0.21 0.04 0.03 0.02 0.01
0.12 0.26 0.3 0.22 0.04 0.03 0.02 0.01
0.13 0.25 0.31 0.21 0.04 0.03 0.02 0.01
0.15 0.24 0.28 0.23 0.04 0.03 0.02 0.01
0.15 0.27 0.28 0.2 0.04 0.03 0.02 0.01
0.17 0.25 0.27 0.21 0.04 0.03 0.02 0.01
0.05 0.12 0.44 0.29 0.04 0.03 0.02 0.01
0.25 0.54 0.06 0.05 0.04 0.03 0.02 0.01
0.14 0.41 0.3 0.05 0.04 0.03 0.02 0.01
0.12 0.34 0.37 0.07 0.04 0.03 0.02 0.01
0.11 0.28 0.35 0.16 0.04 0.03 0.02 0.01
0.12 0.24 0.33 0.21 0.04 0.03 0.02 0.01
0.12 0.26 0.3 0.22 0.04 0.03 0.02 0.01
0.13 0.25 0.31 0.21 0.04 0.03 0.02 0.01
0.15 0.24 0.28 0.23 0.04 0.03 0.02 0.01
0.15 0.27 0.28 0.2 0.04 0.03 0.02 0.01
0.17 0.25 0.27 0.21 0.04 0.03 0.02 0.01
0.05 0.12 0.44 0.29 0.04 0.03 0.02 0.01
0.25 0.54 0.06 0.05 0.04 0.03 0.02 0.01
0.14 0.41 0.3 0.05 0.04 0.03 0.02 0.01
0.12 0.34 0.37 0.07 0.04 0.03 0.02 0.01
0.11 0.28 0.35 0.16 0.04 0.03 0.02 0.01
0.12 0.24 0.33 0.21 0.04 0.03 0.02 0.01
0.12 0.26 0.3 0.22 0.04 0.03 0.02 0.01
0.13 0.25 0.31 0.21 0.04 0.03 0.02 0.01
0.15 0.24 0.28 0.23 0.04 0.03 0.02 0.01
0.15 0.27 0.28 0.2 0.04 0.03 0.02 0.01
0.17 0.25 0.27 0.21 0.04 0.03 0.02 0.01
0.05 0.12 0.44 0.29 0.04 0.03 0.02 0.01
0.25 0.54 0.06 0.05 0.04 0.03 0.02 0.01
0.14 0.41 0.3 0.05 0.04 0.03 0.02 0.01
0.12 0.34 0.37 0.07 0.04 0.03 0.02 0.01
0.11 0.28 0.35 0.16 0.04 0.03 0.02 0.01
0.12 0.24 0.33 0.21 0.04 0.03 0.02 0.01
0.12 0.26 0.3 0.22 0.04 0.03 0.02 0.01
0.13 0.25 0.31 0.21 0.04 0.03 0.02 0.01
0.15 0.24 0.28 0.23 0.04 0.03 0.02 0.01
0.15 0.27 0.28 0.2 0.04 0.03 0.02 0.01
0.17 0.25 0.27 0.21 0.04 0.03 0.02 0.01
0.05 0.12 0.44 0.29 0.04 0.03 0.02 0.01
0.25 0.54 0.06 0.05 0.04 0.03 0.02 0.01
0.14 0.41 0.3 0.05 0.04 0.03 0.02 0.01
0.12 0.34 0.37 0.07 0.04 0.03 0.02 0.01
0.11 0.28 0.35 0.16 0.04 0.03 0.02 0.01
0.12 0.24 0.33 0.21 0.04 0.03 0.02 0.01
0.12 0.26 0.3 0.22 0.04 0.03 0.02 0.01
0.13 0.25 0.31 0.21 0.04 0.03 0.02 0.01
0.15 0.24 0.28 0.23 0.04 0.03 0.02 0.01
0.15 0.27 0.28 0.2 0.04 0.03 0.02 0.01
0.17 0.25 0.27 0.21 0.04 0.03 0.02 0.01
0.05 0.12 0.44 0.29 0.04 0.03 0.02 0.01
0.25 0.54 0.06 0.05 0.04 0.03 0.02 0.01
0.14 0.41 0.3 0.05 0.04 0.03 0.02 0.01
0.12 0.34 0.37 0.07 0.04 0.03 0.02 0.01
0.11 0.28 0.35 0.16 0.04 0.03 0.02 0.01
0.12 0.24 0.33 0.21 0.04 0.03 0.02 0.01
0.12 0.26 0.3 0.22 0.04 0.03 0.02 0.01
0.13 0.25 0.31 0.21 0.04 0.03 0.02 0.01
0.15 0.24 0.28 0.23 0.04 0.03 0.02 0.01
0.15 0.27 0.28 0.2 0.04 0.03 0.02 0.01
0.17 0.25 0.27 0.21 0.04 0.03 0.02 0.01
0.05 0.12 0.44 0.29 0.04 0.03 0.02 0.01
0.25 0.54 0.06 0.05 0.04 0.03 0.02 0.01
0.14 0.41 0.3 0.05 0.04 0.03 0.02 0.01
0.12 0.34 0.37 0.07 0.04 0.03 0.02 0.01
0.11 0.28 0.35 0.16 0.04 0.03 0.02 0.01
0.12 0.24 0.33 0.21 0.04 0.03 0.02 0.01
0.12 0.26 0.3 0.22 0.04 0.03 0.02 0.01
0.13 0.25 0.31 0.21 0.04 0.03 0.02 0.01
0.15 0.24 0.28 0.23 0.04 0.03 0.02 0.01
0.15 0.27 0.28 0.2 0.04 0.03 0.02 0.01
0.17 0.25 0.27 0.21 0.04 0.03 0.02 0.01
0.05 0.12 0.44 0.29 0.04 0.03 0.02 0.01
0.25 0.54 0.06 0.05 0.04 0.03 0.02 0.01
0.14 0.41 0.3 0.05 0.04 0.03 0.02 0.01
0.12 0.34 0.37 0.07 0.04 0.03 0.02 0.01
0.11 0.28 0.35 0.16 0.04 0.03 0.02 0.01
0.12 0.24 0.33 0.21 0.04 0.03 0.02 0.01
0.12 0.26 0.3 0.22 0.04 0.03 0.02 0.01
0.13 0.25 0.31 0.21 0.04 0.03 0.02 0.01
0.15 0.24 0.28 0.23 0.04 0.03 0.02 0.01
0.15 0.27 0.28 0.2 0.04 0.03 0.02 0.01
0.17 0.25 0.27 0.21 0.04 0.03 0.02 0.01
0.05 0.12 0.44 0.29 0.04 0.03 0.02 0.01
0.25 0.54 0.06 0.05 0.04 0.03 0.02 0.01
0.14 0.41 0.3 0.05 0.04 0.03 0.02 0.01
0.12 0.34 0.37 0.07 0.04 0.03 0.02 0.01
0.11 0.28 0.35 0.16 0.04 0.03 0.02 0.01
0.12 0.24 0.33 0.21 0.04 0.03 0.02 0.01
0.12 0.26 0.3 0.22 0.04 0.03 0.02 0.01
0.13 0.25 0.31 0.21 0.04 0.03 0.02 0.01
0.15 0.24 0.28 0.23 0.04 0.03 0.02 0.01
0.15 0.27 0.28 0.2 0.04 0.03 0.02 0.01
0.17 0.25 0.27 0.21 0.04 0.03 0.02 0.01
0.05 0.12 0.44 0.29 0.04 0.03 0.02 0.01
0.25 0.54 0.06 0.05 0.04 0.03 0.02 0.01
0.14 0.41 0.3 0.05 0.04 0.03 0.02 0.01
0.12 0.34 0.37 0.07 0.04 0.03 0.02 0.01
0.11 0.28 0.35 0.16 0.04 0.03 0.02 0.01
0.12 0.24 0.33 0.21 0.04 0.03 0.02 0.01
0.12 0.26 0.3 0.22 0.04 0.03 0.02 0.01
0.13 0.25 0.31 0.21 0.04 0.03 0.02 0.01
0.15 0.24 0.28 0.23 0.04 0.03 0.02 0.01
0.15 0.27 0.28 0.2 0.04 0.03 0.02 0.01
0.17 0.25 0.27 0.21 0.04 0.03 0.02 0.01
0.05 0.12 0.44 0.29 0.04 0.03 0.02 0.01
0.05 0.07 0.49 0.29 0.04 0.03 0.02 0.01
0.05 0.08 0.48 0.29 0.04 0.03 0.02 0.01
0.05 0.09 0.47 0.29 0.04 0.03 0.02 0.01
0.05 0.09 0.47 0.29 0.04 0.03 0.02 0.01
0.05 0.1 0.46 0.29 0.04 0.03 0.02 0.01
0.05 0.11 0.45 0.29 0.04 0.03 0.02 0.01
0.05 0.12 0.44 0.29 0.04 0.03 0.02 0.01
0.05 0.12 0.44 0.29 0.04 0.03 0.02 0.01
0.05 0.12 0.44 0.29 0.04 0.03 0.02 0.01
0.05 0.14 0.42 0.29 0.04 0.03 0.02 0.01
0.15 0.27 0.28 0.2 0.04 0.03 0.02 0.01