0.51 0.13 0.08 0.07 0.06 0.05 0.04 0.03 0.02 0.01
0.2 0.44 0.08 0.07 0.06 0.05 0.04 0.03 0.02 0.01
0.15 0.32 0.25 0.07 0.06 0.05 0.04 0.03 0.02 0.01
0.13 0.32 0.25 0.09 0.06 0.05 0.04 0.03 0.02 0.01
0.12 0.27 0.3 0.1 0.06 0.05 0.04 0.03 0.02 0.01
0.12 0.21 0.27 0.19 0.06 0.05 0.04 0.03 0.02 0.01
0.12 0.21 0.26 0.19 0.07 0.05 0.04 0.03 0.02 0.01
0.13 0.2 0.24 0.21 0.07 0.05 0.04 0.03 0.02 0.01
0.12 0.22 0.27 0.18 0.06 0.05 0.04 0.03 0.02 0.01
0.14 0.21 0.23 0.2 0.07 0.05 0.04 0.03 0.02 0.01
0.06 0.08 0.14 0.5 0.07 0.05 0.04 0.03 0.02 0.01
0.06 0.55 0.09 0.08 0.07 0.05 0.04 0.03 0.02 0.01
0.06 0.55 0.09 0.08 0.07 0.05 0.04 0.03 0.02 0.01
0.06 0.52 0.12 0.08 0.07 0.05 0.04 0.03 0.02 0.01
0.06 0.41 0.2 0.11 0.07 0.05 0.04 0.03 0.02 0.01
0.06 0.35 0.29 0.08 0.07 0.05 0.04 0.03 0.02 0.01
0.06 0.32 0.25 0.14 0.08 0.05 0.04 0.03 0.02 0.01
0.06 0.28 0.3 0.14 0.07 0.05 0.04 0.03 0.02 0.01
0.06 0.27 0.29 0.16 0.07 0.05 0.04 0.03 0.02 0.01
0.06 0.28 0.26 0.18 0.07 0.05 0.04 0.03 0.02 0.01
0.06 0.27 0.25 0.2 0.07 0.05 0.04 0.03 0.02 0.01
0.08 0.06 0.14 0.5 0.07 0.05 0.04 0.03 0.02 0.01
0.21 0.06 0.43 0.08 0.07 0.05 0.04 0.03 0.02 0.01
0.14 0.06 0.5 0.08 0.07 0.05 0.04 0.03 0.02 0.01
0.11 0.06 0.53 0.08 0.07 0.05 0.04 0.03 0.02 0.01
0.09 0.06 0.55 0.08 0.07 0.05 0.04 0.03 0.02 0.01
0.08 0.06 0.55 0.09 0.07 0.05 0.04 0.03 0.02 0.01
0.08 0.06 0.49 0.15 0.07 0.05 0.04 0.03 0.02 0.01
0.08 0.06 0.44 0.2 0.07 0.05 0.04 0.03 0.02 0.01
0.08 0.06 0.43 0.21 0.07 0.05 0.04 0.03 0.02 0.01
0.08 0.06 0.43 0.21 0.07 0.05 0.04 0.03 0.02 0.01
0.08 0.06 0.41 0.23 0.07 0.05 0.04 0.03 0.02 0.01
0.06 0.17 0.08 0.47 0.07 0.05 0.04 0.03 0.02 0.01
0.21 0.08 0.06 0.43 0.07 0.05 0.04 0.03 0.02 0.01
0.16 0.1 0.06 0.46 0.07 0.05 0.04 0.03 0.02 0.01
0.13 0.11 0.06 0.48 0.07 0.05 0.04 0.03 0.02 0.01
0.11 0.08 0.06 0.53 0.07 0.05 0.04 0.03 0.02 0.01
0.11 0.08 0.06 0.53 0.07 0.05 0.04 0.03 0.02 0.01
0.11 0.09 0.06 0.52 0.07 0.05 0.04 0.03 0.02 0.01
0.1 0.08 0.06 0.54 0.07 0.05 0.04 0.03 0.02 0.01
0.1 0.09 0.06 0.53 0.07 0.05 0.04 0.03 0.02 0.01
0.12 0.1 0.06 0.5 0.07 0.05 0.04 0.03 0.02 0.01
0.12 0.11 0.06 0.49 0.07 0.05 0.04 0.03 0.02 0.01
0.06 0.15 0.4 0.16 0.08 0.05 0.04 0.03 0.02 0.01
0.2 0.44 0.07 0.06 0.08 0.05 0.04 0.03 0.02 0.01
0.15 0.33 0.23 0.06 0.08 0.05 0.04 0.03 0.02 0.01
0.13 0.32 0.26 0.06 0.08 0.05 0.04 0.03 0.02 0.01
0.12 0.27 0.32 0.06 0.08 0.05 0.04 0.03 0.02 0.01
0.12 0.22 0.26 0.17 0.08 0.05 0.04 0.03 0.02 0.01
0.12 0.21 0.28 0.16 0.08 0.05 0.04 0.03 0.02 0.01
0.12 0.2 0.28 0.17 0.08 0.05 0.04 0.03 0.02 0.01
0.12 0.23 0.26 0.16 0.08 0.05 0.04 0.03 0.02 0.01
0.13 0.21 0.26 0.17 0.08 0.05 0.04 0.03 0.02 0.01
0.14 0.23 0.24 0.16 0.08 0.05 0.04 0.03 0.02 0.01
0.06 0.08 0.13 0.51 0.07 0.05 0.04 0.03 0.02 0.01
0.2 0.44 0.08 0.07 0.06 0.05 0.04 0.03 0.02 0.01
0.15 0.32 0.25 0.07 0.06 0.05 0.04 0.03 0.02 0.01
0.13 0.32 0.26 0.08 0.06 0.05 0.04 0.03 0.02 0.01
0.12 0.27 0.31 0.09 0.06 0.05 0.04 0.03 0.02 0.01
0.12 0.22 0.25 0.2 0.06 0.05 0.04 0.03 0.02 0.01
0.12 0.21 0.27 0.19 0.06 0.05 0.04 0.03 0.02 0.01
0.12 0.2 0.27 0.19 0.07 0.05 0.04 0.03 0.02 0.01
0.13 0.19 0.25 0.21 0.07 0.05 0.04 0.03 0.02 0.01
0.13 0.21 0.25 0.2 0.06 0.05 0.04 0.03 0.02 0.01
0.14 0.22 0.26 0.16 0.07 0.05 0.04 0.03 0.02 0.01
0.06 0.08 0.13 0.51 0.07 0.05 0.04 0.03 0.02 0.01
0.2 0.44 0.08 0.07 0.06 0.05 0.04 0.03 0.02 0.01
0.15 0.32 0.25 0.07 0.06 0.05 0.04 0.03 0.02 0.01
0.13 0.32 0.26 0.08 0.06 0.05 0.04 0.03 0.02 0.01
0.12 0.27 0.31 0.09 0.06 0.05 0.04 0.03 0.02 0.01
0.12 0.22 0.25 0.2 0.06 0.05 0.04 0.03 0.02 0.01
0.12 0.21 0.27 0.18 0.07 0.05 0.04 0.03 0.02 0.01
0.13 0.2 0.25 0.21 0.06 0.05 0.04 0.03 0.02 0.01
0.13 0.2 0.21 0.24 0.07 0.05 0.04 0.03 0.02 0.01
0.13 0.21 0.25 0.2 0.06 0.05 0.04 0.03 0.02 0.01
0.14 0.22 0.25 0.18 0.06 0.05 0.04 0.03 0.02 0.01
0.06 0.08 0.13 0.51 0.07 0.05 0.04 0.03 0.02 0.01
0.2 0.44 0.08 0.07 0.06 0.05 0.04 0.03 0.02 0.01
0.15 0.32 0.25 0.07 0.06 0.05 0.04 0.03 0.02 0.01
0.13 0.32 0.26 0.08 0.06 0.05 0.04 0.03 0.02 0.01
0.12 0.27 0.31 0.09 0.06 0.05 0.04 0.03 0.02 0.01
0.12 0.22 0.25 0.19 0.07 0.05 0.04 0.03 0.02 0.01
0.12 0.21 0.27 0.18 0.07 0.05 0.04 0.03 0.02 0.01
0.13 0.2 0.24 0.22 0.06 0.05 0.04 0.03 0.02 0.01
0.13 0.19 0.24 0.22 0.07 0.05 0.04 0.03 0.02 0.01
0.14 0.21 0.24 0.19 0.07 0.05 0.04 0.03 0.02 0.01
0.14 0.22 0.25 0.18 0.06 0.05 0.04 0.03 0.02 0.01
0.06 0.08 0.13 0.51 0.07 0.05 0.04 0.03 0.02 0.01
0.2 0.44 0.08 0.07 0.06 0.05 0.04 0.03 0.02 0.01
0.15 0.32 0.25 0.07 0.06 0.05 0.04 0.03 0.02 0.01
0.13 0.32 0.25 0.09 0.06 0.05 0.04 0.03 0.02 0.01
0.12 0.27 0.31 0.09 0.06 0.05 0.04 0.03 0.02 0.01
0.12 0.22 0.25 0.19 0.07 0.05 0.04 0.03 0.02 0.01
0.12 0.21 0.26 0.2 0.06 0.05 0.04 0.03 0.02 0.01
0.13 0.2 0.24 0.22 0.06 0.05 0.04 0.03 0.02 0.01
0.13 0.19 0.24 0.22 0.07 0.05 0.04 0.03 0.02 0.01
0.14 0.21 0.23 0.2 0.07 0.05 0.04 0.03 0.02 0.01
0.14 0.22 0.25 0.17 0.07 0.05 0.04 0.03 0.02 0.01
0.06 0.08 0.13 0.51 0.07 0.05 0.04 0.03 0.02 0.01
0.2 0.44 0.08 0.07 0.06 0.05 0.04 0.03 0.02 0.01
0.15 0.32 0.25 0.07 0.06 0.05 0.04 0.03 0.02 0.01
0.13 0.32 0.25 0.09 0.06 0.05 0.04 0.03 0.02 0.01
0.12 0.27 0.31 0.09 0.06 0.05 0.04 0.03 0.02 0.01
0.12 0.22 0.24 0.21 0.06 0.05 0.04 0.03 0.02 0.01
0.12 0.21 0.26 0.2 0.06 0.05 0.04 0.03 0.02 0.01
0.13 0.2 0.24 0.22 0.06 0.05 0.04 0.03 0.02 0.01
0.12 0.22 0.27 0.18 0.06 0.05 0.04 0.03 0.02 0.01
0.14 0.21 0.23 0.2 0.07 0.05 0.04 0.03 0.02 0.01
0.14 0.22 0.25 0.17 0.07 0.05 0.04 0.03 0.02 0.01
0.06 0.08 0.13 0.51 0.07 0.05 0.04 0.03 0.02 0.01
0.2 0.44 0.08 0.07 0.06 0.05 0.04 0.03 0.02 0.01
0.15 0.32 0.25 0.07 0.06 0.05 0.04 0.03 0.02 0.01
0.13 0.32 0.25 0.09 0.06 0.05 0.04 0.03 0.02 0.01
0.12 0.27 0.3 0.1 0.06 0.05 0.04 0.03 0.02 0.01
0.12 0.21 0.27 0.19 0.06 0.05 0.04 0.03 0.02 0.01
0.12 0.21 0.26 0.19 0.07 0.05 0.04 0.03 0.02 0.01
0.13 0.2 0.24 0.21 0.07 0.05 0.04 0.03 0.02 0.01
0.12 0.22 0.27 0.18 0.06 0.05 0.04 0.03 0.02 0.01
0.14 0.21 0.23 0.2 0.07 0.05 0.04 0.03 0.02 0.01
0.14 0.22 0.24 0.19 0.06 0.05 0.04 0.03 0.02 0.01
0.06 0.08 0.12 0.52 0.07 0.05 0.04 0.03 0.02 0.01
0.2 0.44 0.08 0.07 0.06 0.05 0.04 0.03 0.02 0.01
0.15 0.32 0.25 0.07 0.06 0.05 0.04 0.03 0.02 0.01
0.13 0.32 0.25 0.09 0.06 0.05 0.04 0.03 0.02 0.01
0.12 0.27 0.3 0.1 0.06 0.05 0.04 0.03 0.02 0.01
0.12 0.21 0.27 0.19 0.06 0.05 0.04 0.03 0.02 0.01
0.12 0.21 0.26 0.19 0.07 0.05 0.04 0.03 0.02 0.01
0.13 0.2 0.24 0.21 0.07 0.05 0.04 0.03 0.02 0.01
0.12 0.22 0.27 0.18 0.06 0.05 0.04 0.03 0.02 0.01
0.14 0.21 0.23 0.2 0.07 0.05 0.04 0.03 0.02 0.01
0.14 0.22 0.24 0.19 0.06 0.05 0.04 0.03 0.02 0.01
0.06 0.08 0.12 0.52 0.07 0.05 0.04 0.03 0.02 0.01
0.51 0.08 0.13 0.07 0.06 0.05 0.04 0.03 0.02 0.01
0.21 0.06 0.43 0.08 0.07 0.05 0.04 0.03 0.02 0.01
0.15 0.06 0.44 0.13 0.07 0.05 0.04 0.03 0.02 0.01
0.14 0.06 0.34 0.24 0.07 0.05 0.04 0.03 0.02 0.01
0.13 0.06 0.31 0.28 0.07 0.05 0.04 0.03 0.02 0.01
0.12 0.06 0.31 0.29 0.07 0.05 0.04 0.03 0.02 0.01
0.12 0.07 0.31 0.29 0.06 0.05 0.04 0.03 0.02 0.01
0.13 0.09 0.3 0.27 0.06 0.05 0.04 0.03 0.02 0.01
0.13 0.1 0.29 0.26 0.07 0.05 0.04 0.03 0.02 0.01
0.14 0.09 0.3 0.26 0.06 0.05 0.04 0.03 0.02 0.01
0.06 0.14 0.09 0.49 0.07 0.05 0.04 0.03 0.02 0.01
0.51 0.08 0.07 0.13 0.06 0.05 0.04 0.03 0.02 0.01
0.25 0.08 0.06 0.39 0.07 0.05 0.04 0.03 0.02 0.01
0.16 0.14 0.09 0.4 0.06 0.05 0.04 0.03 0.02 0.01
0.14 0.12 0.06 0.46 0.07 0.05 0.04 0.03 0.02 0.01
0.13 0.14 0.08 0.44 0.06 0.05 0.04 0.03 0.02 0.01
0.12 0.13 0.08 0.45 0.07 0.05 0.04 0.03 0.02 0.01
0.12 0.13 0.09 0.45 0.06 0.05 0.04 0.03 0.02 0.01
0.13 0.14 0.1 0.41 0.07 0.05 0.04 0.03 0.02 0.01
0.13 0.14 0.08 0.43 0.07 0.05 0.04 0.03 0.02 0.01
0.14 0.15 0.1 0.39 0.07 0.05 0.04 0.03 0.02 0.01
0.06 0.08 0.35 0.29 0.07 0.05 0.04 0.03 0.02 0.01
0.51 0.13 0.07 0.06 0.08 0.05 0.04 0.03 0.02 0.01
0.25 0.32 0.14 0.06 0.08 0.05 0.04 0.03 0.02 0.01
0.17 0.31 0.22 0.07 0.08 0.05 0.04 0.03 0.02 0.01
0.14 0.22 0.25 0.16 0.08 0.05 0.04 0.03 0.02 0.01
0.13 0.2 0.24 0.21 0.07 0.05 0.04 0.03 0.02 0.01
0.12 0.2 0.25 0.21 0.07 0.05 0.04 0.03 0.02 0.01
0.12 0.2 0.25 0.21 0.07 0.05 0.04 0.03 0.02 0.01
0.13 0.19 0.22 0.24 0.07 0.05 0.04 0.03 0.02 0.01
0.13 0.18 0.21 0.26 0.07 0.05 0.04 0.03 0.02 0.01
0.14 0.19 0.25 0.2 0.07 0.05 0.04 0.03 0.02 0.01
0.06 0.08 0.13 0.51 0.07 0.05 0.04 0.03 0.02 0.01
0.51 0.13 0.08 0.07 0.06 0.05 0.04 0.03 0.02 0.01
0.25 0.32 0.15 0.07 0.06 0.05 0.04 0.03 0.02 0.01
0.17 0.3 0.25 0.07 0.06 0.05 0.04 0.03 0.02 0.01
0.14 0.22 0.23 0.2 0.06 0.05 0.04 0.03 0.02 0.01
0.13 0.19 0.26 0.21 0.06 0.05 0.04 0.03 0.02 0.01
0.13 0.19 0.26 0.21 0.06 0.05 0.04 0.03 0.02 0.01
0.12 0.2 0.24 0.22 0.07 0.05 0.04 0.03 0.02 0.01
0.13 0.18 0.25 0.22 0.07 0.05 0.04 0.03 0.02 0.01
0.13 0.21 0.26 0.19 0.06 0.05 0.04 0.03 0.02 0.01
0.14 0.19 0.25 0.2 0.07 0.05 0.04 0.03 0.02 0.01
0.06 0.08 0.13 0.51 0.07 0.05 0.04 0.03 0.02 0.01
0.51 0.13 0.08 0.07 0.06 0.05 0.04 0.03 0.02 0.01
0.25 0.32 0.15 0.07 0.06 0.05 0.04 0.03 0.02 0.01
0.17 0.3 0.25 0.07 0.06 0.05 0.04 0.03 0.02 0.01
0.14 0.22 0.24 0.17 0.08 0.05 0.04 0.03 0.02 0.01
0.13 0.2 0.23 0.22 0.07 0.05 0.04 0.03 0.02 0.01
0.13 0.2 0.23 0.22 0.07 0.05 0.04 0.03 0.02 0.01
0.12 0.2 0.24 0.22 0.07 0.05 0.04 0.03 0.02 0.01
0.13 0.19 0.21 0.25 0.07 0.05 0.04 0.03 0.02 0.01
0.13 0.22 0.23 0.2 0.07 0.05 0.04 0.03 0.02 0.01
0.14 0.19 0.24 0.22 0.06 0.05 0.04 0.03 0.02 0.01
0.06 0.08 0.14 0.5 0.07 0.05 0.04 0.03 0.02 0.01
0.51 0.13 0.08 0.07 0.06 0.05 0.04 0.03 0.02 0.01
0.25 0.32 0.14 0.08 0.06 0.05 0.04 0.03 0.02 0.01
0.17 0.3 0.24 0.08 0.06 0.05 0.04 0.03 0.02 0.01
0.14 0.21 0.26 0.18 0.06 0.05 0.04 0.03 0.02 0.01
0.13 0.2 0.23 0.22 0.07 0.05 0.04 0.03 0.02 0.01
0.13 0.19 0.26 0.2 0.07 0.05 0.04 0.03 0.02 0.01
0.12 0.2 0.24 0.22 0.07 0.05 0.04 0.03 0.02 0.01
0.13 0.18 0.24 0.23 0.07 0.05 0.04 0.03 0.02 0.01
0.13 0.21 0.26 0.18 0.07 0.05 0.04 0.03 0.02 0.01
0.14 0.2 0.21 0.23 0.07 0.05 0.04 0.03 0.02 0.01
0.06 0.08 0.14 0.5 0.07 0.05 0.04 0.03 0.02 0.01
0.51 0.13 0.08 0.07 0.06 0.05 0.04 0.03 0.02 0.01
0.24 0.4 0.08 0.07 0.06 0.05 0.04 0.03 0.02 0.01
0.17 0.3 0.24 0.08 0.06 0.05 0.04 0.03 0.02 0.01
0.14 0.21 0.26 0.17 0.07 0.05 0.04 0.03 0.02 0.01
0.13 0.19 0.25 0.22 0.06 0.05 0.04 0.03 0.02 0.01
0.13 0.19 0.25 0.22 0.06 0.05 0.04 0.03 0.02 0.01
0.12 0.19 0.26 0.22 0.06 0.05 0.04 0.03 0.02 0.01
0.13 0.18 0.24 0.23 0.07 0.05 0.04 0.03 0.02 0.01
0.13 0.21 0.25 0.2 0.06 0.05 0.04 0.03 0.02 0.01
0.14 0.19 0.24 0.21 0.07 0.05 0.04 0.03 0.02 0.01
0.06 0.08 0.14 0.5 0.07 0.05 0.04 0.03 0.02 0.01
0.51 0.13 0.08 0.07 0.06 0.05 0.04 0.03 0.02 0.01
0.24 0.4 0.08 0.07 0.06 0.05 0.04 0.03 0.02 0.01
0.17 0.29 0.26 0.07 0.06 0.05 0.04 0.03 0.02 0.01
0.14 0.21 0.25 0.19 0.06 0.05 0.04 0.03 0.02 0.01
0.13 0.19 0.25 0.21 0.07 0.05 0.04 0.03 0.02 0.01
0.13 0.2 0.22 0.23 0.07 0.05 0.04 0.03 0.02 0.01
0.13 0.19 0.22 0.25 0.06 0.05 0.04 0.03 0.02 0.01
0.13 0.18 0.23 0.24 0.07 0.05 0.04 0.03 0.02 0.01
0.13 0.21 0.25 0.2 0.06 0.05 0.04 0.03 0.02 0.01
0.14 0.19 0.23 0.22 0.07 0.05 0.04 0.03 0.02 0.01
0.06 0.08 0.14 0.5 0.07 0.05 0.04 0.03 0.02 0.01
0.51 0.13 0.08 0.07 0.06 0.05 0.04 0.03 0.02 0.01
0.24 0.4 0.08 0.07 0.06 0.05 0.04 0.03 0.02 0.01
0.17 0.29 0.26 0.07 0.06 0.05 0.04 0.03 0.02 0.01
0.13 0.29 0.28 0.09 0.06 0.05 0.04 0.03 0.02 0.01
0.13 0.19 0.25 0.21 0.07 0.05 0.04 0.03 0.02 0.01
0.13 0.19 0.25 0.21 0.07 0.05 0.04 0.03 0.02 0.01
0.13 0.18 0.26 0.21 0.07 0.05 0.04 0.03 0.02 0.01
0.13 0.18 0.23 0.24 0.07 0.05 0.04 0.03 0.02 0.01
0.13 0.21 0.25 0.19 0.07 0.05 0.04 0.03 0.02 0.01
0.14 0.19 0.23 0.22 0.07 0.05 0.04 0.03 0.02 0.01
0.06 0.08 0.14 0.5 0.07 0.05 0.04 0.03 0.02 0.01
0.51 0.13 0.08 0.07 0.06 0.05 0.04 0.03 0.02 0.01
0.24 0.4 0.08 0.07 0.06 0.05 0.04 0.03 0.02 0.01
0.17 0.29 0.26 0.07 0.06 0.05 0.04 0.03 0.02 0.01
0.13 0.29 0.28 0.09 0.06 0.05 0.04 0.03 0.02 0.01
0.13 0.19 0.25 0.21 0.07 0.05 0.04 0.03 0.02 0.01
0.13 0.19 0.25 0.21 0.07 0.05 0.04 0.03 0.02 0.01
0.13 0.18 0.26 0.21 0.07 0.05 0.04 0.03 0.02 0.01
0.13 0.18 0.23 0.24 0.07 0.05 0.04 0.03 0.02 0.01
0.13 0.21 0.25 0.19 0.07 0.05 0.04 0.03 0.02 0.01
0.14 0.19 0.23 0.22 0.07 0.05 0.04 0.03 0.02 0.01
0.06 0.08 0.14 0.5 0.07 0.05 0.04 0.03 0.02 0.01
0.51 0.13 0.07 0.08 0.06 0.05 0.04 0.03 0.02 0.01
0.2 0.44 0.07 0.08 0.06 0.05 0.04 0.03 0.02 0.01
0.14 0.41 0.07 0.17 0.06 0.05 0.04 0.03 0.02 0.01
0.13 0.32 0.06 0.27 0.07 0.05 0.04 0.03 0.02 0.01
0.12 0.28 0.08 0.31 0.06 0.05 0.04 0.03 0.02 0.01
0.11 0.25 0.06 0.36 0.07 0.05 0.04 0.03 0.02 0.01
0.11 0.25 0.09 0.33 0.07 0.05 0.04 0.03 0.02 0.01
0.12 0.24 0.1 0.32 0.07 0.05 0.04 0.03 0.02 0.01
0.12 0.23 0.13 0.3 0.07 0.05 0.04 0.03 0.02 0.01
0.13 0.23 0.09 0.33 0.07 0.05 0.04 0.03 0.02 0.01
0.06 0.08 0.34 0.3 0.07 0.05 0.04 0.03 0.02 0.01
0.51 0.13 0.07 0.06 0.08 0.05 0.04 0.03 0.02 0.01
0.2 0.44 0.07 0.06 0.08 0.05 0.04 0.03 0.02 0.01
0.13 0.49 0.09 0.06 0.08 0.05 0.04 0.03 0.02 0.01
0.12 0.38 0.21 0.06 0.08 0.05 0.04 0.03 0.02 0.01
0.11 0.33 0.26 0.07 0.08 0.05 0.04 0.03 0.02 0.01
0.11 0.27 0.22 0.17 0.08 0.05 0.04 0.03 0.02 0.01
0.11 0.25 0.26 0.15 0.08 0.05 0.04 0.03 0.02 0.01
0.12 0.24 0.25 0.16 0.08 0.05 0.04 0.03 0.02 0.01
0.12 0.22 0.26 0.17 0.08 0.05 0.04 0.03 0.02 0.01
0.13 0.24 0.23 0.17 0.08 0.05 0.04 0.03 0.02 0.01
0.06 0.08 0.15 0.49 0.07 0.05 0.04 0.03 0.02 0.01
0.51 0.13 0.08 0.07 0.06 0.05 0.04 0.03 0.02 0.01
0.2 0.44 0.08 0.07 0.06 0.05 0.04 0.03 0.02 0.01
0.13 0.49 0.1 0.07 0.06 0.05 0.04 0.03 0.02 0.01
0.12 0.38 0.22 0.07 0.06 0.05 0.04 0.03 0.02 0.01
0.11 0.33 0.25 0.1 0.06 0.05 0.04 0.03 0.02 0.01
0.11 0.26 0.27 0.14 0.07 0.05 0.04 0.03 0.02 0.01
0.11 0.25 0.26 0.16 0.07 0.05 0.04 0.03 0.02 0.01
0.12 0.24 0.23 0.2 0.06 0.05 0.04 0.03 0.02 0.01
0.12 0.23 0.21 0.22 0.07 0.05 0.04 0.03 0.02 0.01
0.13 0.24 0.23 0.18 0.07 0.05 0.04 0.03 0.02 0.01
0.06 0.08 0.15 0.49 0.07 0.05 0.04 0.03 0.02 0.01
0.51 0.13 0.08 0.07 0.06 0.05 0.04 0.03 0.02 0.01
0.2 0.44 0.08 0.07 0.06 0.05 0.04 0.03 0.02 0.01
0.13 0.49 0.1 0.07 0.06 0.05 0.04 0.03 0.02 0.01
0.12 0.38 0.22 0.07 0.06 0.05 0.04 0.03 0.02 0.01
0.11 0.33 0.25 0.1 0.06 0.05 0.04 0.03 0.02 0.01
0.11 0.27 0.22 0.17 0.08 0.05 0.04 0.03 0.02 0.01
0.11 0.25 0.26 0.15 0.08 0.05 0.04 0.03 0.02 0.01
0.12 0.24 0.23 0.2 0.06 0.05 0.04 0.03 0.02 0.01
0.12 0.26 0.22 0.17 0.08 0.05 0.04 0.03 0.02 0.01
0.13 0.24 0.22 0.2 0.06 0.05 0.04 0.03 0.02 0.01
0.06 0.08 0.15 0.49 0.07 0.05 0.04 0.03 0.02 0.01
0.51 0.13 0.08 0.07 0.06 0.05 0.04 0.03 0.02 0.01
0.2 0.44 0.08 0.07 0.06 0.05 0.04 0.03 0.02 0.01
0.13 0.49 0.1 0.07 0.06 0.05 0.04 0.03 0.02 0.01
0.12 0.38 0.22 0.07 0.06 0.05 0.04 0.03 0.02 0.01
0.11 0.33 0.25 0.1 0.06 0.05 0.04 0.03 0.02 0.01
0.11 0.26 0.25 0.17 0.06 0.05 0.04 0.03 0.02 0.01
0.11 0.25 0.24 0.19 0.06 0.05 0.04 0.03 0.02 0.01
0.12 0.24 0.23 0.19 0.07 0.05 0.04 0.03 0.02 0.01
0.12 0.26 0.22 0.17 0.08 0.05 0.04 0.03 0.02 0.01
0.13 0.24 0.23 0.17 0.08 0.05 0.04 0.03 0.02 0.01
0.06 0.08 0.15 0.49 0.07 0.05 0.04 0.03 0.02 0.01
0.51 0.13 0.08 0.07 0.06 0.05 0.04 0.03 0.02 0.01
0.2 0.44 0.08 0.07 0.06 0.05 0.04 0.03 0.02 0.01
0.13 0.49 0.1 0.07 0.06 0.05 0.04 0.03 0.02 0.01
0.12 0.38 0.22 0.07 0.06 0.05 0.04 0.03 0.02 0.01
0.11 0.32 0.29 0.07 0.06 0.05 0.04 0.03 0.02 0.01
0.11 0.26 0.25 0.17 0.06 0.05 0.04 0.03 0.02 0.01
0.11 0.25 0.24 0.19 0.06 0.05 0.04 0.03 0.02 0.01
0.12 0.24 0.23 0.19 0.07 0.05 0.04 0.03 0.02 0.01
0.12 0.25 0.26 0.14 0.08 0.05 0.04 0.03 0.02 0.01
0.13 0.24 0.22 0.19 0.07 0.05 0.04 0.03 0.02 0.01
0.06 0.08 0.15 0.49 0.07 0.05 0.04 0.03 0.02 0.01
0.51 0.13 0.08 0.07 0.06 0.05 0.04 0.03 0.02 0.01
0.2 0.44 0.08 0.07 0.06 0.05 0.04 0.03 0.02 0.01
0.14 0.41 0.17 0.07 0.06 0.05 0.04 0.03 0.02 0.01
0.12 0.38 0.22 0.07 0.06 0.05 0.04 0.03 0.02 0.01
0.11 0.32 0.29 0.07 0.06 0.05 0.04 0.03 0.02 0.01
0.11 0.26 0.25 0.17 0.06 0.05 0.04 0.03 0.02 0.01
0.11 0.25 0.24 0.19 0.06 0.05 0.04 0.03 0.02 0.01
0.12 0.24 0.22 0.21 0.06 0.05 0.04 0.03 0.02 0.01
0.12 0.25 0.24 0.18 0.06 0.05 0.04 0.03 0.02 0.01
0.13 0.24 0.21 0.2 0.07 0.05 0.04 0.03 0.02 0.01
0.06 0.08 0.15 0.49 0.07 0.05 0.04 0.03 0.02 0.01
0.51 0.13 0.08 0.07 0.06 0.05 0.04 0.03 0.02 0.01
0.2 0.44 0.08 0.07 0.06 0.05 0.04 0.03 0.02 0.01
0.14 0.41 0.17 0.07 0.06 0.05 0.04 0.03 0.02 0.01
0.12 0.38 0.22 0.07 0.06 0.05 0.04 0.03 0.02 0.01
0.11 0.32 0.29 0.07 0.06 0.05 0.04 0.03 0.02 0.01
0.11 0.26 0.25 0.17 0.06 0.05 0.04 0.03 0.02 0.01
0.11 0.25 0.24 0.19 0.06 0.05 0.04 0.03 0.02 0.01
0.12 0.24 0.22 0.2 0.07 0.05 0.04 0.03 0.02 0.01
0.12 0.25 0.24 0.18 0.06 0.05 0.04 0.03 0.02 0.01
0.13 0.24 0.21 0.2 0.07 0.05 0.04 0.03 0.02 0.01
0.06 0.08 0.14 0.5 0.07 0.05 0.04 0.03 0.02 0.01
0.51 0.13 0.08 0.07 0.06 0.05 0.04 0.03 0.02 0.01
0.2 0.44 0.08 0.07 0.06 0.05 0.04 0.03 0.02 0.01
0.14 0.41 0.17 0.07 0.06 0.05 0.04 0.03 0.02 0.01
0.12 0.38 0.22 0.07 0.06 0.05 0.04 0.03 0.02 0.01
0.11 0.32 0.29 0.07 0.06 0.05 0.04 0.03 0.02 0.01
0.11 0.26 0.25 0.17 0.06 0.05 0.04 0.03 0.02 0.01
0.11 0.25 0.24 0.19 0.06 0.05 0.04 0.03 0.02 0.01
0.12 0.24 0.22 0.2 0.07 0.05 0.04 0.03 0.02 0.01
0.12 0.25 0.24 0.18 0.06 0.05 0.04 0.03 0.02 0.01
0.13 0.24 0.21 0.2 0.07 0.05 0.04 0.03 0.02 0.01
0.06 0.08 0.14 0.5 0.07 0.05 0.04 0.03 0.02 0.01
0.51 0.13 0.08 0.07 0.06 0.05 0.04 0.03 0.02 0.01
0.2 0.44 0.08 0.07 0.06 0.05 0.04 0.03 0.02 0.01
0.14 0.41 0.17 0.07 0.06 0.05 0.04 0.03 0.02 0.01
0.12 0.38 0.22 0.07 0.06 0.05 0.04 0.03 0.02 0.01
0.11 0.32 0.29 0.07 0.06 0.05 0.04 0.03 0.02 0.01
0.11 0.26 0.25 0.17 0.06 0.05 0.04 0.03 0.02 0.01
0.11 0.25 0.24 0.19 0.06 0.05 0.04 0.03 0.02 0.01
0.12 0.24 0.22 0.2 0.07 0.05 0.04 0.03 0.02 0.01
0.12 0.25 0.24 0.18 0.06 0.05 0.04 0.03 0.02 0.01
0.13 0.24 0.21 0.2 0.07 0.05 0.04 0.03 0.02 0.01
0.06 0.08 0.14 0.5 0.07 0.05 0.04 0.03 0.02 0.01
0.51 0.13 0.08 0.06 0.07 0.05 0.04 0.03 0.02 0.01
0.2 0.44 0.08 0.06 0.07 0.05 0.04 0.03 0.02 0.01
0.15 0.32 0.25 0.06 0.07 0.05 0.04 0.03 0.02 0.01
0.13 0.31 0.28 0.06 0.07 0.05 0.04 0.03 0.02 0.01
0.12 0.26 0.33 0.06 0.08 0.05 0.04 0.03 0.02 0.01
0.11 0.24 0.34 0.09 0.07 0.05 0.04 0.03 0.02 0.01
0.11 0.23 0.33 0.1 0.08 0.05 0.04 0.03 0.02 0.01
0.12 0.23 0.29 0.13 0.08 0.05 0.04 0.03 0.02 0.01
0.12 0.22 0.27 0.16 0.08 0.05 0.04 0.03 0.02 0.01
0.13 0.22 0.3 0.12 0.08 0.05 0.04 0.03 0.02 0.01
0.06 0.08 0.15 0.49 0.07 0.05 0.04 0.03 0.02 0.01
0.51 0.13 0.08 0.07 0.06 0.05 0.04 0.03 0.02 0.01
0.2 0.44 0.08 0.07 0.06 0.05 0.04 0.03 0.02 0.01
0.14 0.41 0.17 0.07 0.06 0.05 0.04 0.03 0.02 0.01
0.13 0.31 0.28 0.07 0.06 0.05 0.04 0.03 0.02 0.01
0.12 0.26 0.33 0.08 0.06 0.05 0.04 0.03 0.02 0.01
0.11 0.24 0.34 0.1 0.06 0.05 0.04 0.03 0.02 0.01
0.11 0.23 0.33 0.12 0.06 0.05 0.04 0.03 0.02 0.01
0.12 0.22 0.31 0.14 0.06 0.05 0.04 0.03 0.02 0.01
0.12 0.21 0.29 0.17 0.06 0.05 0.04 0.03 0.02 0.01
0.13 0.23 0.27 0.16 0.06 0.05 0.04 0.03 0.02 0.01
0.06 0.08 0.15 0.49 0.07 0.05 0.04 0.03 0.02 0.01
0.51 0.13 0.08 0.07 0.06 0.05 0.04 0.03 0.02 0.01
0.2 0.44 0.08 0.07 0.06 0.05 0.04 0.03 0.02 0.01
0.14 0.41 0.17 0.07 0.06 0.05 0.04 0.03 0.02 0.01
0.13 0.31 0.28 0.07 0.06 0.05 0.04 0.03 0.02 0.01
0.12 0.26 0.33 0.08 0.06 0.05 0.04 0.03 0.02 0.01
0.11 0.24 0.34 0.1 0.06 0.05 0.04 0.03 0.02 0.01
0.11 0.24 0.3 0.14 0.06 0.05 0.04 0.03 0.02 0.01
0.12 0.22 0.31 0.13 0.07 0.05 0.04 0.03 0.02 0.01
0.13 0.21 0.28 0.17 0.06 0.05 0.04 0.03 0.02 0.01
0.13 0.23 0.27 0.16 0.06 0.05 0.04 0.03 0.02 0.01
0.06 0.08 0.15 0.49 0.07 0.05 0.04 0.03 0.02 0.01
0.51 0.13 0.08 0.07 0.06 0.05 0.04 0.03 0.02 0.01
0.2 0.44 0.08 0.07 0.06 0.05 0.04 0.03 0.02 0.01
0.14 0.41 0.17 0.07 0.06 0.05 0.04 0.03 0.02 0.01
0.13 0.31 0.28 0.07 0.06 0.05 0.04 0.03 0.02 0.01
0.12 0.26 0.33 0.08 0.06 0.05 0.04 0.03 0.02 0.01
0.11 0.24 0.34 0.1 0.06 0.05 0.04 0.03 0.02 0.01
0.11 0.24 0.3 0.14 0.06 0.05 0.04 0.03 0.02 0.01
0.12 0.23 0.28 0.16 0.06 0.05 0.04 0.03 0.02 0.01
0.13 0.21 0.28 0.17 0.06 0.05 0.04 0.03 0.02 0.01
0.13 0.22 0.29 0.15 0.06 0.05 0.04 0.03 0.02 0.01
0.06 0.08 0.15 0.49 0.07 0.05 0.04 0.03 0.02 0.01
0.51 0.13 0.08 0.07 0.06 0.05 0.04 0.03 0.02 0.01
0.2 0.44 0.08 0.07 0.06 0.05 0.04 0.03 0.02 0.01
0.14 0.41 0.17 0.07 0.06 0.05 0.04 0.03 0.02 0.01
0.13 0.31 0.28 0.07 0.06 0.05 0.04 0.03 0.02 0.01
0.12 0.26 0.33 0.08 0.06 0.05 0.04 0.03 0.02 0.01
0.11 0.25 0.31 0.12 0.06 0.05 0.04 0.03 0.02 0.01
0.11 0.24 0.3 0.14 0.06 0.05 0.04 0.03 0.02 0.01
0.12 0.23 0.28 0.16 0.06 0.05 0.04 0.03 0.02 0.01
0.13 0.21 0.28 0.16 0.07 0.05 0.04 0.03 0.02 0.01
0.13 0.22 0.29 0.15 0.06 0.05 0.04 0.03 0.02 0.01
0.06 0.08 0.15 0.49 0.07 0.05 0.04 0.03 0.02 0.01
0.51 0.13 0.08 0.07 0.06 0.05 0.04 0.03 0.02 0.01
0.2 0.44 0.08 0.07 0.06 0.05 0.04 0.03 0.02 0.01
0.14 0.41 0.17 0.07 0.06 0.05 0.04 0.03 0.02 0.01
0.13 0.31 0.28 0.07 0.06 0.05 0.04 0.03 0.02 0.01
0.12 0.26 0.33 0.08 0.06 0.05 0.04 0.03 0.02 0.01
0.11 0.23 0.36 0.09 0.06 0.05 0.04 0.03 0.02 0.01
0.11 0.24 0.3 0.13 0.07 0.05 0.04 0.03 0.02 0.01
0.12 0.22 0.3 0.15 0.06 0.05 0.04 0.03 0.02 0.01
0.13 0.21 0.28 0.16 0.07 0.05 0.04 0.03 0.02 0.01
0.13 0.22 0.29 0.15 0.06 0.05 0.04 0.03 0.02 0.01
0.06 0.08 0.15 0.49 0.07 0.05 0.04 0.03 0.02 0.01
0.51 0.13 0.08 0.07 0.06 0.05 0.04 0.03 0.02 0.01
0.2 0.44 0.08 0.07 0.06 0.05 0.04 0.03 0.02 0.01
0.14 0.41 0.17 0.07 0.06 0.05 0.04 0.03 0.02 0.01
0.13 0.31 0.27 0.08 0.06 0.05 0.04 0.03 0.02 0.01
0.12 0.25 0.35 0.07 0.06 0.05 0.04 0.03 0.02 0.01
0.11 0.24 0.33 0.1 0.07 0.05 0.04 0.03 0.02 0.01
0.11 0.23 0.32 0.13 0.06 0.05 0.04 0.03 0.02 0.01
0.12 0.22 0.3 0.15 0.06 0.05 0.04 0.03 0.02 0.01
0.13 0.21 0.28 0.15 0.08 0.05 0.04 0.03 0.02 0.01
0.13 0.22 0.29 0.14 0.07 0.05 0.04 0.03 0.02 0.01
0.06 0.09 0.13 0.5 0.07 0.05 0.04 0.03 0.02 0.01
0.51 0.13 0.08 0.07 0.06 0.05 0.04 0.03 0.02 0.01
0.2 0.44 0.08 0.07 0.06 0.05 0.04 0.03 0.02 0.01
0.14 0.41 0.17 0.07 0.06 0.05 0.04 0.03 0.02 0.01
0.13 0.31 0.27 0.08 0.06 0.05 0.04 0.03 0.02 0.01
0.12 0.25 0.35 0.07 0.06 0.05 0.04 0.03 0.02 0.01
0.11 0.24 0.33 0.1 0.07 0.05 0.04 0.03 0.02 0.01
0.11 0.23 0.32 0.13 0.06 0.05 0.04 0.03 0.02 0.01
0.12 0.22 0.3 0.15 0.06 0.05 0.04 0.03 0.02 0.01
0.13 0.21 0.28 0.15 0.08 0.05 0.04 0.03 0.02 0.01
0.13 0.22 0.29 0.14 0.07 0.05 0.04 0.03 0.02 0.01
0.06 0.09 0.13 0.5 0.07 0.05 0.04 0.03 0.02 0.01
0.51 0.13 0.08 0.07 0.06 0.05 0.04 0.03 0.02 0.01
0.2 0.44 0.08 0.07 0.06 0.05 0.04 0.03 0.02 0.01
0.15 0.32 0.25 0.07 0.06 0.05 0.04 0.03 0.02 0.01
0.13 0.31 0.28 0.07 0.06 0.05 0.04 0.03 0.02 0.01
0.12 0.27 0.3 0.1 0.06 0.05 0.04 0.03 0.02 0.01
0.12 0.21 0.27 0.19 0.06 0.05 0.04 0.03 0.02 0.01
0.12 0.21 0.26 0.19 0.07 0.05 0.04 0.03 0.02 0.01
0.13 0.2 0.24 0.21 0.07 0.05 0.04 0.03 0.02 0.01
0.12 0.22 0.27 0.18 0.06 0.05 0.04 0.03 0.02 0.01
0.14 0.21 0.23 0.2 0.07 0.05 0.04 0.03 0.02 0.01
0.06 0.08 0.14 0.5 0.07 0.05 0.04 0.03 0.02 0.01
0.51 0.13 0.08 0.07 0.06 0.05 0.04 0.03 0.02 0.01
0.2 0.44 0.08 0.07 0.06 0.05 0.04 0.03 0.02 0.01
0.15 0.32 0.24 0.08 0.06 0.05 0.04 0.03 0.02 0.01
0.13 0.31 0.28 0.07 0.06 0.05 0.04 0.03 0.02 0.01
0.12 0.27 0.3 0.1 0.06 0.05 0.04 0.03 0.02 0.01
0.12 0.21 0.27 0.18 0.07 0.05 0.04 0.03 0.02 0.01
0.12 0.21 0.25 0.2 0.07 0.05 0.04 0.03 0.02 0.01
0.12 0.24 0.25 0.18 0.06 0.05 0.04 0.03 0.02 0.01
0.13 0.22 0.26 0.17 0.07 0.05 0.04 0.03 0.02 0.01
0.14 0.2 0.25 0.19 0.07 0.05 0.04 0.03 0.02 0.01
0.06 0.08 0.14 0.5 0.07 0.05 0.04 0.03 0.02 0.01
0.51 0.13 0.08 0.07 0.06 0.05 0.04 0.03 0.02 0.01
0.2 0.44 0.08 0.07 0.06 0.05 0.04 0.03 0.02 0.01
0.15 0.32 0.25 0.07 0.06 0.05 0.04 0.03 0.02 0.01
0.13 0.31 0.28 0.07 0.06 0.05 0.04 0.03 0.02 0.01
0.12 0.27 0.3 0.1 0.06 0.05 0.04 0.03 0.02 0.01
0.12 0.21 0.27 0.19 0.06 0.05 0.04 0.03 0.02 0.01
0.12 0.21 0.26 0.19 0.07 0.05 0.04 0.03 0.02 0.01
0.13 0.2 0.24 0.21 0.07 0.05 0.04 0.03 0.02 0.01
0.13 0.22 0.26 0.18 0.06 0.05 0.04 0.03 0.02 0.01
0.14 0.2 0.26 0.17 0.08 0.05 0.04 0.03 0.02 0.01
0.06 0.08 0.14 0.5 0.07 0.05 0.04 0.03 0.02 0.01
0.51 0.13 0.08 0.07 0.06 0.05 0.04 0.03 0.02 0.01
0.2 0.44 0.08 0.07 0.06 0.05 0.04 0.03 0.02 0.01
0.15 0.32 0.24 0.08 0.06 0.05 0.04 0.03 0.02 0.01
0.13 0.31 0.28 0.07 0.06 0.05 0.04 0.03 0.02 0.01
0.12 0.27 0.3 0.1 0.06 0.05 0.04 0.03 0.02 0.01
0.12 0.21 0.27 0.19 0.06 0.05 0.04 0.03 0.02 0.01
0.12 0.21 0.26 0.19 0.07 0.05 0.04 0.03 0.02 0.01
0.13 0.2 0.24 0.21 0.07 0.05 0.04 0.03 0.02 0.01
0.13 0.22 0.26 0.18 0.06 0.05 0.04 0.03 0.02 0.01
0.14 0.2 0.26 0.17 0.08 0.05 0.04 0.03 0.02 0.01
0.06 0.08 0.14 0.5 0.07 0.05 0.04 0.03 0.02 0.01
0.51 0.13 0.08 0.07 0.06 0.05 0.04 0.03 0.02 0.01
0.2 0.44 0.08 0.07 0.06 0.05 0.04 0.03 0.02 0.01
0.15 0.32 0.24 0.08 0.06 0.05 0.04 0.03 0.02 0.01
0.13 0.31 0.28 0.07 0.06 0.05 0.04 0.03 0.02 0.01
0.12 0.27 0.3 0.1 0.06 0.05 0.04 0.03 0.02 0.01
0.12 0.21 0.27 0.19 0.06 0.05 0.04 0.03 0.02 0.01
0.12 0.21 0.25 0.2 0.07 0.05 0.04 0.03 0.02 0.01
0.13 0.2 0.24 0.21 0.07 0.05 0.04 0.03 0.02 0.01
0.13 0.22 0.26 0.17 0.07 0.05 0.04 0.03 0.02 0.01
0.14 0.2 0.26 0.17 0.08 0.05 0.04 0.03 0.02 0.01
0.06 0.08 0.14 0.5 0.07 0.05 0.04 0.03 0.02 0.01
0.51 0.13 0.08 0.07 0.06 0.05 0.04 0.03 0.02 0.01
0.2 0.44 0.08 0.07 0.06 0.05 0.04 0.03 0.02 0.01
0.15 0.32 0.24 0.08 0.06 0.05 0.04 0.03 0.02 0.01
0.13 0.31 0.28 0.07 0.06 0.05 0.04 0.03 0.02 0.01
0.12 0.27 0.3 0.1 0.06 0.05 0.04 0.03 0.02 0.01
0.12 0.21 0.27 0.18 0.07 0.05 0.04 0.03 0.02 0.01
0.12 0.21 0.25 0.2 0.07 0.05 0.04 0.03 0.02 0.01
0.12 0.24 0.25 0.18 0.06 0.05 0.04 0.03 0.02 0.01
0.13 0.22 0.26 0.17 0.07 0.05 0.04 0.03 0.02 0.01
0.14 0.2 0.25 0.19 0.07 0.05 0.04 0.03 0.02 0.01
0.06 0.08 0.14 0.5 0.07 0.05 0.04 0.03 0.02 0.01
0.51 0.13 0.08 0.07 0.06 0.05 0.04 0.03 0.02 0.01
0.2 0.44 0.08 0.07 0.06 0.05 0.04 0.03 0.02 0.01
0.15 0.32 0.25 0.07 0.06 0.05 0.04 0.03 0.02 0.01
0.13 0.31 0.28 0.07 0.06 0.05 0.04 0.03 0.02 0.01
0.12 0.27 0.3 0.1 0.06 0.05 0.04 0.03 0.02 0.01
0.12 0.21 0.27 0.19 0.06 0.05 0.04 0.03 0.02 0.01
0.12 0.21 0.26 0.19 0.07 0.05 0.04 0.03 0.02 0.01
0.13 0.2 0.24 0.21 0.07 0.05 0.04 0.03 0.02 0.01
0.12 0.22 0.27 0.18 0.06 0.05 0.04 0.03 0.02 0.01
0.14 0.21 0.23 0.2 0.07 0.05 0.04 0.03 0.02 0.01
0.06 0.08 0.14 0.5 0.07 0.05 0.04 0.03 0.02 0.01
0.51 0.13 0.08 0.07 0.06 0.05 0.04 0.03 0.02 0.01
0.2 0.44 0.08 0.07 0.06 0.05 0.04 0.03 0.02 0.01
0.15 0.32 0.25 0.07 0.06 0.05 0.04 0.03 0.02 0.01
0.13 0.31 0.28 0.07 0.06 0.05 0.04 0.03 0.02 0.01
0.12 0.27 0.3 0.1 0.06 0.05 0.04 0.03 0.02 0.01
0.12 0.21 0.27 0.19 0.06 0.05 0.04 0.03 0.02 0.01
0.12 0.21 0.26 0.19 0.07 0.05 0.04 0.03 0.02 0.01
0.13 0.2 0.24 0.21 0.07 0.05 0.04 0.03 0.02 0.01
0.12 0.23 0.24 0.19 0.07 0.05 0.04 0.03 0.02 0.01
0.14 0.2 0.26 0.17 0.08 0.05 0.04 0.03 0.02 0.01
0.06 0.08 0.14 0.5 0.07 0.05 0.04 0.03 0.02 0.01
0.51 0.13 0.08 0.07 0.06 0.05 0.04 0.03 0.02 0.01
0.2 0.44 0.08 0.07 0.06 0.05 0.04 0.03 0.02 0.01
0.15 0.32 0.24 0.08 0.06 0.05 0.04 0.03 0.02 0.01
0.13 0.31 0.28 0.07 0.06 0.05 0.04 0.03 0.02 0.01
0.12 0.27 0.3 0.1 0.06 0.05 0.04 0.03 0.02 0.01
0.12 0.21 0.27 0.19 0.06 0.05 0.04 0.03 0.02 0.01
0.12 0.21 0.26 0.19 0.07 0.05 0.04 0.03 0.02 0.01
0.13 0.2 0.24 0.21 0.07 0.05 0.04 0.03 0.02 0.01
0.13 0.22 0.26 0.18 0.06 0.05 0.04 0.03 0.02 0.01
0.14 0.2 0.26 0.17 0.08 0.05 0.04 0.03 0.02 0.01
0.06 0.08 0.14 0.5 0.07 0.05 0.04 0.03 0.02 0.01
0.51 0.13 0.08 0.07 0.06 0.05 0.04 0.03 0.02 0.01
0.2 0.44 0.08 0.07 0.06 0.05 0.04 0.03 0.02 0.01
0.15 0.32 0.24 0.08 0.06 0.05 0.04 0.03 0.02 0.01
0.13 0.31 0.28 0.07 0.06 0.05 0.04 0.03 0.02 0.01
0.12 0.27 0.3 0.1 0.06 0.05 0.04 0.03 0.02 0.01
0.12 0.21 0.27 0.19 0.06 0.05 0.04 0.03 0.02 0.01
0.12 0.21 0.25 0.2 0.07 0.05 0.04 0.03 0.02 0.01
0.13 0.2 0.24 0.21 0.07 0.05 0.04 0.03 0.02 0.01
0.13 0.22 0.26 0.17 0.07 0.05 0.04 0.03 0.02 0.01
0.14 0.2 0.26 0.17 0.08 0.05 0.04 0.03 0.02 0.01
0.06 0.08 0.14 0.5 0.07 0.05 0.04 0.03 0.02 0.01
0.51 0.13 0.08 0.07 0.06 0.05 0.04 0.03 0.02 0.01
0.2 0.44 0.08 0.07 0.06 0.05 0.04 0.03 0.02 0.01
0.15 0.32 0.24 0.08 0.06 0.05 0.04 0.03 0.02 0.01
0.13 0.31 0.28 0.07 0.06 0.05 0.04 0.03 0.02 0.01
0.12 0.27 0.3 0.1 0.06 0.05 0.04 0.03 0.02 0.01
0.12 0.21 0.27 0.19 0.06 0.05 0.04 0.03 0.02 0.01
0.12 0.21 0.25 0.2 0.07 0.05 0.04 0.03 0.02 0.01
0.13 0.2 0.24 0.21 0.07 0.05 0.04 0.03 0.02 0.01
0.13 0.22 0.26 0.17 0.07 0.05 0.04 0.03 0.02 0.01
0.14 0.2 0.26 0.17 0.08 0.05 0.04 0.03 0.02 0.01
0.06 0.08 0.14 0.5 0.07 0.05 0.04 0.03 0.02 0.01
0.51 0.13 0.08 0.07 0.06 0.05 0.04 0.03 0.02 0.01
0.2 0.44 0.08 0.07 0.06 0.05 0.04 0.03 0.02 0.01
0.15 0.32 0.25 0.07 0.06 0.05 0.04 0.03 0.02 0.01
0.13 0.31 0.28 0.07 0.06 0.05 0.04 0.03 0.02 0.01
0.12 0.27 0.3 0.1 0.06 0.05 0.04 0.03 0.02 0.01
0.12 0.21 0.27 0.19 0.06 0.05 0.04 0.03 0.02 0.01
0.12 0.21 0.26 0.19 0.07 0.05 0.04 0.03 0.02 0.01
0.13 0.2 0.24 0.21 0.07 0.05 0.04 0.03 0.02 0.01
0.12 0.22 0.27 0.18 0.06 0.05 0.04 0.03 0.02 0.01
0.14 0.21 0.23 0.2 0.07 0.05 0.04 0.03 0.02 0.01
0.06 0.08 0.14 0.5 0.07 0.05 0.04 0.03 0.02 0.01
0.51 0.13 0.08 0.07 0.06 0.05 0.04 0.03 0.02 0.01
0.2 0.44 0.08 0.07 0.06 0.05 0.04 0.03 0.02 0.01
0.15 0.32 0.25 0.07 0.06 0.05 0.04 0.03 0.02 0.01
0.13 0.31 0.28 0.07 0.06 0.05 0.04 0.03 0.02 0.01
0.12 0.27 0.3 0.1 0.06 0.05 0.04 0.03 0.02 0.01
0.12 0.21 0.27 0.19 0.06 0.05 0.04 0.03 0.02 0.01
0.12 0.21 0.26 0.19 0.07 0.05 0.04 0.03 0.02 0.01
0.13 0.2 0.24 0.21 0.07 0.05 0.04 0.03 0.02 0.01
0.12 0.23 0.24 0.19 0.07 0.05 0.04 0.03 0.02 0.01
0.14 0.2 0.26 0.17 0.08 0.05 0.04 0.03 0.02 0.01
0.06 0.08 0.14 0.5 0.07 0.05 0.04 0.03 0.02 0.01
0.51 0.13 0.08 0.07 0.06 0.05 0.04 0.03 0.02 0.01
0.2 0.44 0.08 0.07 0.06 0.05 0.04 0.03 0.02 0.01
0.15 0.32 0.24 0.08 0.06 0.05 0.04 0.03 0.02 0.01
0.13 0.31 0.28 0.07 0.06 0.05 0.04 0.03 0.02 0.01
0.12 0.27 0.3 0.1 0.06 0.05 0.04 0.03 0.02 0.01
0.12 0.21 0.27 0.19 0.06 0.05 0.04 0.03 0.02 0.01
0.12 0.21 0.26 0.19 0.07 0.05 0.04 0.03 0.02 0.01
0.13 0.2 0.24 0.21 0.07 0.05 0.04 0.03 0.02 0.01
0.13 0.22 0.26 0.18 0.06 0.05 0.04 0.03 0.02 0.01
0.14 0.2 0.26 0.17 0.08 0.05 0.04 0.03 0.02 0.01
0.06 0.08 0.14 0.5 0.07 0.05 0.04 0.03 0.02 0.01
0.51 0.13 0.08 0.07 0.06 0.05 0.04 0.03 0.02 0.01
0.2 0.44 0.08 0.07 0.06 0.05 0.04 0.03 0.02 0.01
0.15 0.32 0.24 0.08 0.06 0.05 0.04 0.03 0.02 0.01
0.13 0.31 0.28 0.07 0.06 0.05 0.04 0.03 0.02 0.01
0.12 0.27 0.3 0.1 0.06 0.05 0.04 0.03 0.02 0.01
0.12 0.21 0.27 0.19 0.06 0.05 0.04 0.03 0.02 0.01
0.12 0.21 0.26 0.19 0.07 0.05 0.04 0.03 0.02 0.01
0.13 0.2 0.24 0.21 0.07 0.05 0.04 0.03 0.02 0.01
0.13 0.22 0.26 0.18 0.06 0.05 0.04 0.03 0.02 0.01
0.14 0.2 0.26 0.17 0.08 0.05 0.04 0.03 0.02 0.01
0.06 0.08 0.14 0.5 0.07 0.05 0.04 0.03 0.02 0.01
0.51 0.13 0.08 0.07 0.06 0.05 0.04 0.03 0.02 0.01
0.2 0.44 0.08 0.07 0.06 0.05 0.04 0.03 0.02 0.01
0.15 0.32 0.25 0.07 0.06 0.05 0.04 0.03 0.02 0.01
0.13 0.31 0.28 0.07 0.06 0.05 0.04 0.03 0.02 0.01
0.12 0.27 0.3 0.1 0.06 0.05 0.04 0.03 0.02 0.01
0.12 0.21 0.27 0.19 0.06 0.05 0.04 0.03 0.02 0.01
0.12 0.21 0.26 0.19 0.07 0.05 0.04 0.03 0.02 0.01
0.13 0.2 0.24 0.21 0.07 0.05 0.04 0.03 0.02 0.01
0.12 0.22 0.27 0.18 0.06 0.05 0.04 0.03 0.02 0.01
0.14 0.21 0.23 0.2 0.07 0.05 0.04 0.03 0.02 0.01
0.06 0.08 0.14 0.5 0.07 0.05 0.04 0.03 0.02 0.01
0.51 0.13 0.08 0.07 0.06 0.05 0.04 0.03 0.02 0.01
0.2 0.44 0.08 0.07 0.06 0.05 0.04 0.03 0.02 0.01
0.15 0.32 0.25 0.07 0.06 0.05 0.04 0.03 0.02 0.01
0.13 0.31 0.28 0.07 0.06 0.05 0.04 0.03 0.02 0.01
0.12 0.27 0.3 0.1 0.06 0.05 0.04 0.03 0.02 0.01
0.12 0.21 0.27 0.19 0.06 0.05 0.04 0.03 0.02 0.01
0.12 0.21 0.26 0.19 0.07 0.05 0.04 0.03 0.02 0.01
0.13 0.2 0.24 0.21 0.07 0.05 0.04 0.03 0.02 0.01
0.12 0.23 0.24 0.19 0.07 0.05 0.04 0.03 0.02 0.01
0.14 0.2 0.26 0.17 0.08 0.05 0.04 0.03 0.02 0.01
0.06 0.08 0.14 0.5 0.07 0.05 0.04 0.03 0.02 0.01
0.51 0.13 0.08 0.07 0.06 0.05 0.04 0.03 0.02 0.01
0.2 0.44 0.08 0.07 0.06 0.05 0.04 0.03 0.02 0.01
0.15 0.32 0.25 0.07 0.06 0.05 0.04 0.03 0.02 0.01
0.13 0.31 0.28 0.07 0.06 0.05 0.04 0.03 0.02 0.01
0.12 0.27 0.3 0.1 0.06 0.05 0.04 0.03 0.02 0.01
0.12 0.21 0.27 0.19 0.06 0.05 0.04 0.03 0.02 0.01
0.12 0.21 0.26 0.19 0.07 0.05 0.04 0.03 0.02 0.01
0.13 0.2 0.24 0.21 0.07 0.05 0.04 0.03 0.02 0.01
0.12 0.23 0.24 0.19 0.07 0.05 0.04 0.03 0.02 0.01
0.14 0.2 0.26 0.17 0.08 0.05 0.04 0.03 0.02 0.01
0.06 0.08 0.14 0.5 0.07 0.05 0.04 0.03 0.02 0.01
0.51 0.13 0.08 0.07 0.06 0.05 0.04 0.03 0.02 0.01
0.2 0.44 0.08 0.07 0.06 0.05 0.04 0.03 0.02 0.01
0.15 0.32 0.25 0.07 0.06 0.05 0.04 0.03 0.02 0.01
0.13 0.31 0.28 0.07 0.06 0.05 0.04 0.03 0.02 0.01
0.12 0.27 0.3 0.1 0.06 0.05 0.04 0.03 0.02 0.01
0.12 0.21 0.27 0.19 0.06 0.05 0.04 0.03 0.02 0.01
0.12 0.21 0.26 0.19 0.07 0.05 0.04 0.03 0.02 0.01
0.13 0.2 0.24 0.21 0.07 0.05 0.04 0.03 0.02 0.01
0.12 0.22 0.27 0.18 0.06 0.05 0.04 0.03 0.02 0.01
0.14 0.21 0.23 0.2 0.07 0.05 0.04 0.03 0.02 0.01
0.06 0.08 0.14 0.5 0.07 0.05 0.04 0.03 0.02 0.01
0.51 0.13 0.08 0.07 0.06 0.05 0.04 0.03 0.02 0.01
0.2 0.44 0.08 0.07 0.06 0.05 0.04 0.03 0.02 0.01
0.15 0.32 0.25 0.07 0.06 0.05 0.04 0.03 0.02 0.01
0.13 0.31 0.28 0.07 0.06 0.05 0.04 0.03 0.02 0.01
0.12 0.27 0.3 0.1 0.06 0.05 0.04 0.03 0.02 0.01
0.12 0.21 0.27 0.19 0.06 0.05 0.04 0.03 0.02 0.01
0.12 0.21 0.26 0.19 0.07 0.05 0.04 0.03 0.02 0.01
0.13 0.2 0.24 0.21 0.07 0.05 0.04 0.03 0.02 0.01
0.12 0.22 0.27 0.18 0.06 0.05 0.04 0.03 0.02 0.01
0.14 0.21 0.23 0.2 0.07 0.05 0.04 0.03 0.02 0.01
0.06 0.08 0.14 0.5 0.07 0.05 0.04 0.03 0.02 0.01
0.51 0.13 0.08 0.07 0.06 0.05 0.04 0.03 0.02 0.01
0.2 0.44 0.08 0.07 0.06 0.05 0.04 0.03 0.02 0.01
0.15 0.32 0.25 0.07 0.06 0.05 0.04 0.03 0.02 0.01
0.13 0.32 0.25 0.09 0.06 0.05 0.04 0.03 0.02 0.01
0.12 0.27 0.3 0.1 0.06 0.05 0.04 0.03 0.02 0.01
0.12 0.21 0.27 0.19 0.06 0.05 0.04 0.03 0.02 0.01
0.12 0.21 0.26 0.19 0.07 0.05 0.04 0.03 0.02 0.01
0.13 0.2 0.24 0.21 0.07 0.05 0.04 0.03 0.02 0.01
0.12 0.22 0.27 0.18 0.06 0.05 0.04 0.03 0.02 0.01
0.14 0.21 0.23 0.2 0.07 0.05 0.04 0.03 0.02 0.01
0.06 0.08 0.14 0.5 0.07 0.05 0.04 0.03 0.02 0.01
0.06 0.08 0.09 0.55 0.07 0.05 0.04 0.03 0.02 0.01
0.06 0.08 0.09 0.55 0.07 0.05 0.04 0.03 0.02 0.01
0.06 0.08 0.09 0.55 0.07 0.05 0.04 0.03 0.02 0.01
0.06 0.08 0.09 0.55 0.07 0.05 0.04 0.03 0.02 0.01
0.06 0.08 0.1 0.54 0.07 0.05 0.04 0.03 0.02 0.01
0.06 0.08 0.11 0.53 0.07 0.05 0.04 0.03 0.02 0.01
0.06 0.08 0.12 0.52 0.07 0.05 0.04 0.03 0.02 0.01
0.06 0.08 0.12 0.52 0.07 0.05 0.04 0.03 0.02 0.01
0.06 0.08 0.14 0.5 0.07 0.05 0.04 0.03 0.02 0.01
0.06 0.08 0.15 0.49 0.07 0.05 0.04 0.03 0.02 0.01
0.12 0.22 0.27 0.18 0.06 0.05 0.04 0.03 0.02 0.01