0.45 0.1 0.09 0.08 0.07 0.06 0.05 0.04 0.03 0.02 0.01
0.35 0.2 0.09 0.08 0.07 0.06 0.05 0.04 0.03 0.02 0.01
0.2 0.35 0.09 0.08 0.07 0.06 0.05 0.04 0.03 0.02 0.01
0.16 0.35 0.13 0.08 0.07 0.06 0.05 0.04 0.03 0.02 0.01
0.14 0.3 0.2 0.08 0.07 0.06 0.05 0.04 0.03 0.02 0.01
0.13 0.25 0.23 0.11 0.07 0.06 0.05 0.04 0.03 0.02 0.01
0.13 0.22 0.26 0.11 0.07 0.06 0.05 0.04 0.03 0.02 0.01
0.12 0.22 0.21 0.17 0.07 0.06 0.05 0.04 0.03 0.02 0.01
0.13 0.2 0.22 0.17 0.07 0.06 0.05 0.04 0.03 0.02 0.01
0.13 0.19 0.21 0.17 0.09 0.06 0.05 0.04 0.03 0.02 0.01
0.07 0.08 0.1 0.42 0.12 0.06 0.05 0.04 0.03 0.02 0.01
0.07 0.45 0.1 0.09 0.08 0.06 0.05 0.04 0.03 0.02 0.01
0.07 0.45 0.1 0.09 0.08 0.06 0.05 0.04 0.03 0.02 0.01
0.07 0.45 0.1 0.09 0.08 0.06 0.05 0.04 0.03 0.02 0.01
0.07 0.45 0.1 0.09 0.08 0.06 0.05 0.04 0.03 0.02 0.01
0.07 0.37 0.18 0.09 0.08 0.06 0.05 0.04 0.03 0.02 0.01
0.07 0.33 0.22 0.09 0.08 0.06 0.05 0.04 0.03 0.02 0.01
0.07 0.3 0.21 0.13 0.08 0.06 0.05 0.04 0.03 0.02 0.01
0.07 0.27 0.23 0.14 0.08 0.06 0.05 0.04 0.03 0.02 0.01
0.07 0.26 0.25 0.12 0.09 0.06 0.05 0.04 0.03 0.02 0.01
0.07 0.26 0.21 0.15 0.1 0.06 0.05 0.04 0.03 0.02 0.01
0.08 0.07 0.1 0.42 0.12 0.06 0.05 0.04 0.03 0.02 0.01
0.26 0.07 0.29 0.09 0.08 0.06 0.05 0.04 0.03 0.02 0.01
0.21 0.07 0.34 0.09 0.08 0.06 0.05 0.04 0.03 0.02 0.01
0.15 0.07 0.4 0.09 0.08 0.06 0.05 0.04 0.03 0.02 0.01
0.13 0.07 0.42 0.09 0.08 0.06 0.05 0.04 0.03 0.02 0.01
0.11 0.07 0.44 0.09 0.08 0.06 0.05 0.04 0.03 0.02 0.01
0.1 0.07 0.45 0.09 0.08 0.06 0.05 0.04 0.03 0.02 0.01
0.09 0.07 0.44 0.11 0.08 0.06 0.05 0.04 0.03 0.02 0.01
0.09 0.07 0.4 0.15 0.08 0.06 0.05 0.04 0.03 0.02 0.01
0.09 0.07 0.39 0.16 0.08 0.06 0.05 0.04 0.03 0.02 0.01
0.09 0.07 0.38 0.17 0.08 0.06 0.05 0.04 0.03 0.02 0.01
0.07 0.11 0.08 0.41 0.12 0.06 0.05 0.04 0.03 0.02 0.01
0.35 0.09 0.07 0.2 0.08 0.06 0.05 0.04 0.03 0.02 0.01
0.21 0.09 0.07 0.34 0.08 0.06 0.05 0.04 0.03 0.02 0.01
0.18 0.08 0.07 0.35 0.11 0.06 0.05 0.04 0.03 0.02 0.01
0.14 0.08 0.07 0.41 0.09 0.06 0.05 0.04 0.03 0.02 0.01
0.14 0.08 0.07 0.41 0.09 0.06 0.05 0.04 0.03 0.02 0.01
0.13 0.09 0.07 0.4 0.1 0.06 0.05 0.04 0.03 0.02 0.01
0.12 0.08 0.07 0.43 0.09 0.06 0.05 0.04 0.03 0.02 0.01
0.12 0.08 0.07 0.41 0.11 0.06 0.05 0.04 0.03 0.02 0.01
0.12 0.08 0.07 0.42 0.1 0.06 0.05 0.04 0.03 0.02 0.01
0.12 0.08 0.07 0.42 0.1 0.06 0.05 0.04 0.03 0.02 0.01
0.07 0.12 0.36 0.11 0.13 0.06 0.05 0.04 0.03 0.02 0.01
0.35 0.16 0.08 0.07 0.13 0.06 0.05 0.04 0.03 0.02 0.01
0.21 0.26 0.12 0.07 0.13 0.06 0.05 0.04 0.03 0.02 0.01
0.17 0.28 0.14 0.07 0.13 0.06 0.05 0.04 0.03 0.02 0.01
0.15 0.25 0.19 0.07 0.13 0.06 0.05 0.04 0.03 0.02 0.01
0.14 0.21 0.2 0.11 0.13 0.06 0.05 0.04 0.03 0.02 0.01
0.12 0.24 0.22 0.08 0.13 0.06 0.05 0.04 0.03 0.02 0.01
0.12 0.23 0.21 0.1 0.13 0.06 0.05 0.04 0.03 0.02 0.01
0.12 0.22 0.21 0.11 0.13 0.06 0.05 0.04 0.03 0.02 0.01
0.12 0.23 0.22 0.09 0.13 0.06 0.05 0.04 0.03 0.02 0.01
0.14 0.19 0.18 0.15 0.13 0.06 0.05 0.04 0.03 0.02 0.01
0.07 0.08 0.1 0.43 0.11 0.06 0.05 0.04 0.03 0.02 0.01
0.35 0.2 0.09 0.08 0.07 0.06 0.05 0.04 0.03 0.02 0.01
0.2 0.35 0.09 0.08 0.07 0.06 0.05 0.04 0.03 0.02 0.01
0.16 0.36 0.12 0.08 0.07 0.06 0.05 0.04 0.03 0.02 0.01
0.14 0.31 0.19 0.08 0.07 0.06 0.05 0.04 0.03 0.02 0.01
0.13 0.26 0.21 0.12 0.07 0.06 0.05 0.04 0.03 0.02 0.01
0.12 0.24 0.21 0.15 0.07 0.06 0.05 0.04 0.03 0.02 0.01
0.12 0.22 0.23 0.15 0.07 0.06 0.05 0.04 0.03 0.02 0.01
0.13 0.2 0.24 0.14 0.08 0.06 0.05 0.04 0.03 0.02 0.01
0.13 0.19 0.22 0.18 0.07 0.06 0.05 0.04 0.03 0.02 0.01
0.13 0.21 0.2 0.18 0.07 0.06 0.05 0.04 0.03 0.02 0.01
0.07 0.08 0.1 0.42 0.12 0.06 0.05 0.04 0.03 0.02 0.01
0.35 0.2 0.09 0.08 0.07 0.06 0.05 0.04 0.03 0.02 0.01
0.2 0.35 0.09 0.08 0.07 0.06 0.05 0.04 0.03 0.02 0.01
0.16 0.35 0.13 0.08 0.07 0.06 0.05 0.04 0.03 0.02 0.01
0.14 0.31 0.19 0.08 0.07 0.06 0.05 0.04 0.03 0.02 0.01
0.13 0.26 0.21 0.12 0.07 0.06 0.05 0.04 0.03 0.02 0.01
0.12 0.23 0.24 0.13 0.07 0.06 0.05 0.04 0.03 0.02 0.01
0.12 0.22 0.23 0.15 0.07 0.06 0.05 0.04 0.03 0.02 0.01
0.13 0.21 0.2 0.18 0.07 0.06 0.05 0.04 0.03 0.02 0.01
0.13 0.19 0.22 0.17 0.08 0.06 0.05 0.04 0.03 0.02 0.01
0.13 0.2 0.23 0.16 0.07 0.06 0.05 0.04 0.03 0.02 0.01
0.07 0.08 0.09 0.43 0.12 0.06 0.05 0.04 0.03 0.02 0.01
0.35 0.2 0.09 0.08 0.07 0.06 0.05 0.04 0.03 0.02 0.01
0.2 0.35 0.09 0.08 0.07 0.06 0.05 0.04 0.03 0.02 0.01
0.16 0.35 0.13 0.08 0.07 0.06 0.05 0.04 0.03 0.02 0.01
0.14 0.31 0.18 0.09 0.07 0.06 0.05 0.04 0.03 0.02 0.01
0.13 0.25 0.24 0.1 0.07 0.06 0.05 0.04 0.03 0.02 0.01
0.12 0.23 0.24 0.13 0.07 0.06 0.05 0.04 0.03 0.02 0.01
0.12 0.22 0.23 0.14 0.08 0.06 0.05 0.04 0.03 0.02 0.01
0.13 0.2 0.23 0.16 0.07 0.06 0.05 0.04 0.03 0.02 0.01
0.13 0.19 0.22 0.17 0.08 0.06 0.05 0.04 0.03 0.02 0.01
0.13 0.2 0.23 0.16 0.07 0.06 0.05 0.04 0.03 0.02 0.01
0.07 0.08 0.09 0.43 0.12 0.06 0.05 0.04 0.03 0.02 0.01
0.35 0.2 0.09 0.08 0.07 0.06 0.05 0.04 0.03 0.02 0.01
0.2 0.35 0.09 0.08 0.07 0.06 0.05 0.04 0.03 0.02 0.01
0.16 0.35 0.13 0.08 0.07 0.06 0.05 0.04 0.03 0.02 0.01
0.14 0.31 0.18 0.09 0.07 0.06 0.05 0.04 0.03 0.02 0.01
0.13 0.25 0.24 0.1 0.07 0.06 0.05 0.04 0.03 0.02 0.01
0.12 0.23 0.24 0.13 0.07 0.06 0.05 0.04 0.03 0.02 0.01
0.12 0.22 0.23 0.13 0.09 0.06 0.05 0.04 0.03 0.02 0.01
0.13 0.2 0.23 0.16 0.07 0.06 0.05 0.04 0.03 0.02 0.01
0.13 0.19 0.22 0.16 0.09 0.06 0.05 0.04 0.03 0.02 0.01
0.13 0.2 0.23 0.15 0.08 0.06 0.05 0.04 0.03 0.02 0.01
0.07 0.08 0.09 0.43 0.12 0.06 0.05 0.04 0.03 0.02 0.01
0.35 0.2 0.09 0.08 0.07 0.06 0.05 0.04 0.03 0.02 0.01
0.2 0.35 0.09 0.08 0.07 0.06 0.05 0.04 0.03 0.02 0.01
0.16 0.35 0.13 0.08 0.07 0.06 0.05 0.04 0.03 0.02 0.01
0.14 0.3 0.2 0.08 0.07 0.06 0.05 0.04 0.03 0.02 0.01
0.13 0.25 0.24 0.1 0.07 0.06 0.05 0.04 0.03 0.02 0.01
0.12 0.22 0.27 0.1 0.08 0.06 0.05 0.04 0.03 0.02 0.01
0.12 0.21 0.25 0.14 0.07 0.06 0.05 0.04 0.03 0.02 0.01
0.13 0.2 0.23 0.15 0.08 0.06 0.05 0.04 0.03 0.02 0.01
0.13 0.19 0.21 0.18 0.08 0.06 0.05 0.04 0.03 0.02 0.01
0.13 0.2 0.22 0.17 0.07 0.06 0.05 0.04 0.03 0.02 0.01
0.07 0.08 0.09 0.43 0.12 0.06 0.05 0.04 0.03 0.02 0.01
0.35 0.2 0.09 0.08 0.07 0.06 0.05 0.04 0.03 0.02 0.01
0.2 0.35 0.09 0.08 0.07 0.06 0.05 0.04 0.03 0.02 0.01
0.16 0.35 0.13 0.08 0.07 0.06 0.05 0.04 0.03 0.02 0.01
0.14 0.3 0.2 0.08 0.07 0.06 0.05 0.04 0.03 0.02 0.01
0.13 0.25 0.24 0.1 0.07 0.06 0.05 0.04 0.03 0.02 0.01
0.13 0.23 0.24 0.12 0.07 0.06 0.05 0.04 0.03 0.02 0.01
0.12 0.21 0.25 0.14 0.07 0.06 0.05 0.04 0.03 0.02 0.01
0.13 0.2 0.22 0.17 0.07 0.06 0.05 0.04 0.03 0.02 0.01
0.13 0.19 0.21 0.18 0.08 0.06 0.05 0.04 0.03 0.02 0.01
0.13 0.2 0.22 0.17 0.07 0.06 0.05 0.04 0.03 0.02 0.01
0.07 0.08 0.09 0.43 0.12 0.06 0.05 0.04 0.03 0.02 0.01
0.35 0.2 0.09 0.08 0.07 0.06 0.05 0.04 0.03 0.02 0.01
0.2 0.35 0.09 0.08 0.07 0.06 0.05 0.04 0.03 0.02 0.01
0.16 0.35 0.13 0.08 0.07 0.06 0.05 0.04 0.03 0.02 0.01
0.14 0.3 0.2 0.08 0.07 0.06 0.05 0.04 0.03 0.02 0.01
0.13 0.25 0.23 0.11 0.07 0.06 0.05 0.04 0.03 0.02 0.01
0.13 0.22 0.26 0.11 0.07 0.06 0.05 0.04 0.03 0.02 0.01
0.12 0.22 0.21 0.17 0.07 0.06 0.05 0.04 0.03 0.02 0.01
0.13 0.2 0.22 0.17 0.07 0.06 0.05 0.04 0.03 0.02 0.01
0.13 0.19 0.21 0.17 0.09 0.06 0.05 0.04 0.03 0.02 0.01
0.13 0.2 0.22 0.16 0.08 0.06 0.05 0.04 0.03 0.02 0.01
0.07 0.08 0.09 0.43 0.12 0.06 0.05 0.04 0.03 0.02 0.01
0.45 0.09 0.1 0.08 0.07 0.06 0.05 0.04 0.03 0.02 0.01
0.35 0.09 0.2 0.08 0.07 0.06 0.05 0.04 0.03 0.02 0.01
0.21 0.08 0.32 0.11 0.07 0.06 0.05 0.04 0.03 0.02 0.01
0.17 0.07 0.36 0.11 0.08 0.06 0.05 0.04 0.03 0.02 0.01
0.15 0.07 0.33 0.16 0.08 0.06 0.05 0.04 0.03 0.02 0.01
0.13 0.07 0.37 0.14 0.08 0.06 0.05 0.04 0.03 0.02 0.01
0.13 0.07 0.34 0.17 0.08 0.06 0.05 0.04 0.03 0.02 0.01
0.13 0.07 0.31 0.2 0.08 0.06 0.05 0.04 0.03 0.02 0.01
0.13 0.07 0.29 0.2 0.1 0.06 0.05 0.04 0.03 0.02 0.01
0.13 0.08 0.28 0.19 0.11 0.06 0.05 0.04 0.03 0.02 0.01
0.07 0.11 0.08 0.41 0.12 0.06 0.05 0.04 0.03 0.02 0.01
0.45 0.09 0.08 0.1 0.07 0.06 0.05 0.04 0.03 0.02 0.01
0.35 0.09 0.07 0.2 0.08 0.06 0.05 0.04 0.03 0.02 0.01
0.21 0.09 0.07 0.34 0.08 0.06 0.05 0.04 0.03 0.02 0.01
0.17 0.09 0.07 0.38 0.08 0.06 0.05 0.04 0.03 0.02 0.01
0.15 0.09 0.07 0.4 0.08 0.06 0.05 0.04 0.03 0.02 0.01
0.14 0.1 0.07 0.37 0.11 0.06 0.05 0.04 0.03 0.02 0.01
0.14 0.13 0.07 0.33 0.12 0.06 0.05 0.04 0.03 0.02 0.01
0.13 0.1 0.07 0.41 0.08 0.06 0.05 0.04 0.03 0.02 0.01
0.13 0.11 0.07 0.38 0.1 0.06 0.05 0.04 0.03 0.02 0.01
0.13 0.14 0.07 0.33 0.12 0.06 0.05 0.04 0.03 0.02 0.01
0.07 0.09 0.33 0.17 0.13 0.06 0.05 0.04 0.03 0.02 0.01
0.45 0.1 0.08 0.07 0.09 0.06 0.05 0.04 0.03 0.02 0.01
0.35 0.2 0.08 0.07 0.09 0.06 0.05 0.04 0.03 0.02 0.01
0.24 0.26 0.09 0.07 0.13 0.06 0.05 0.04 0.03 0.02 0.01
0.17 0.25 0.16 0.08 0.13 0.06 0.05 0.04 0.03 0.02 0.01
0.15 0.22 0.21 0.08 0.13 0.06 0.05 0.04 0.03 0.02 0.01
0.14 0.19 0.18 0.15 0.13 0.06 0.05 0.04 0.03 0.02 0.01
0.14 0.17 0.2 0.15 0.13 0.06 0.05 0.04 0.03 0.02 0.01
0.14 0.16 0.19 0.17 0.13 0.06 0.05 0.04 0.03 0.02 0.01
0.14 0.15 0.19 0.18 0.13 0.06 0.05 0.04 0.03 0.02 0.01
0.13 0.19 0.2 0.15 0.12 0.06 0.05 0.04 0.03 0.02 0.01
0.07 0.08 0.11 0.43 0.1 0.06 0.05 0.04 0.03 0.02 0.01
0.45 0.1 0.09 0.08 0.07 0.06 0.05 0.04 0.03 0.02 0.01
0.35 0.18 0.11 0.08 0.07 0.06 0.05 0.04 0.03 0.02 0.01
0.24 0.25 0.15 0.08 0.07 0.06 0.05 0.04 0.03 0.02 0.01
0.17 0.24 0.2 0.11 0.07 0.06 0.05 0.04 0.03 0.02 0.01
0.15 0.21 0.22 0.14 0.07 0.06 0.05 0.04 0.03 0.02 0.01
0.13 0.23 0.25 0.11 0.07 0.06 0.05 0.04 0.03 0.02 0.01
0.13 0.22 0.23 0.12 0.09 0.06 0.05 0.04 0.03 0.02 0.01
0.13 0.2 0.24 0.14 0.08 0.06 0.05 0.04 0.03 0.02 0.01
0.13 0.19 0.22 0.17 0.08 0.06 0.05 0.04 0.03 0.02 0.01
0.13 0.18 0.22 0.15 0.11 0.06 0.05 0.04 0.03 0.02 0.01
0.07 0.08 0.1 0.42 0.12 0.06 0.05 0.04 0.03 0.02 0.01
0.45 0.1 0.09 0.08 0.07 0.06 0.05 0.04 0.03 0.02 0.01
0.35 0.18 0.11 0.08 0.07 0.06 0.05 0.04 0.03 0.02 0.01
0.24 0.25 0.14 0.09 0.07 0.06 0.05 0.04 0.03 0.02 0.01
0.17 0.24 0.2 0.11 0.07 0.06 0.05 0.04 0.03 0.02 0.01
0.15 0.21 0.22 0.14 0.07 0.06 0.05 0.04 0.03 0.02 0.01
0.13 0.23 0.25 0.11 0.07 0.06 0.05 0.04 0.03 0.02 0.01
0.13 0.22 0.23 0.12 0.09 0.06 0.05 0.04 0.03 0.02 0.01
0.13 0.2 0.23 0.16 0.07 0.06 0.05 0.04 0.03 0.02 0.01
0.13 0.19 0.22 0.17 0.08 0.06 0.05 0.04 0.03 0.02 0.01
0.13 0.18 0.21 0.17 0.1 0.06 0.05 0.04 0.03 0.02 0.01
0.07 0.08 0.1 0.42 0.12 0.06 0.05 0.04 0.03 0.02 0.01
0.45 0.1 0.09 0.08 0.07 0.06 0.05 0.04 0.03 0.02 0.01
0.35 0.17 0.12 0.08 0.07 0.06 0.05 0.04 0.03 0.02 0.01
0.23 0.32 0.09 0.08 0.07 0.06 0.05 0.04 0.03 0.02 0.01
0.17 0.23 0.22 0.1 0.07 0.06 0.05 0.04 0.03 0.02 0.01
0.15 0.21 0.22 0.13 0.08 0.06 0.05 0.04 0.03 0.02 0.01
0.13 0.23 0.25 0.11 0.07 0.06 0.05 0.04 0.03 0.02 0.01
0.13 0.22 0.21 0.16 0.07 0.06 0.05 0.04 0.03 0.02 0.01
0.13 0.2 0.23 0.16 0.07 0.06 0.05 0.04 0.03 0.02 0.01
0.13 0.19 0.22 0.16 0.09 0.06 0.05 0.04 0.03 0.02 0.01
0.13 0.18 0.21 0.17 0.1 0.06 0.05 0.04 0.03 0.02 0.01
0.07 0.08 0.1 0.42 0.12 0.06 0.05 0.04 0.03 0.02 0.01
0.45 0.1 0.09 0.08 0.07 0.06 0.05 0.04 0.03 0.02 0.01
0.34 0.21 0.09 0.08 0.07 0.06 0.05 0.04 0.03 0.02 0.01
0.23 0.32 0.09 0.08 0.07 0.06 0.05 0.04 0.03 0.02 0.01
0.17 0.23 0.22 0.1 0.07 0.06 0.05 0.04 0.03 0.02 0.01
0.15 0.2 0.24 0.13 0.07 0.06 0.05 0.04 0.03 0.02 0.01
0.13 0.23 0.25 0.11 0.07 0.06 0.05 0.04 0.03 0.02 0.01
0.13 0.22 0.21 0.16 0.07 0.06 0.05 0.04 0.03 0.02 0.01
0.13 0.2 0.23 0.15 0.08 0.06 0.05 0.04 0.03 0.02 0.01
0.13 0.19 0.21 0.18 0.08 0.06 0.05 0.04 0.03 0.02 0.01
0.13 0.18 0.2 0.19 0.09 0.06 0.05 0.04 0.03 0.02 0.01
0.07 0.08 0.1 0.42 0.12 0.06 0.05 0.04 0.03 0.02 0.01
0.45 0.1 0.09 0.08 0.07 0.06 0.05 0.04 0.03 0.02 0.01
0.34 0.21 0.09 0.08 0.07 0.06 0.05 0.04 0.03 0.02 0.01
0.23 0.32 0.09 0.08 0.07 0.06 0.05 0.04 0.03 0.02 0.01
0.17 0.23 0.22 0.1 0.07 0.06 0.05 0.04 0.03 0.02 0.01
0.15 0.2 0.24 0.12 0.08 0.06 0.05 0.04 0.03 0.02 0.01
0.13 0.24 0.21 0.14 0.07 0.06 0.05 0.04 0.03 0.02 0.01
0.13 0.22 0.21 0.16 0.07 0.06 0.05 0.04 0.03 0.02 0.01
0.13 0.2 0.22 0.17 0.07 0.06 0.05 0.04 0.03 0.02 0.01
0.13 0.19 0.21 0.18 0.08 0.06 0.05 0.04 0.03 0.02 0.01
0.13 0.18 0.21 0.16 0.11 0.06 0.05 0.04 0.03 0.02 0.01
0.07 0.08 0.1 0.42 0.12 0.06 0.05 0.04 0.03 0.02 0.01
0.45 0.1 0.09 0.08 0.07 0.06 0.05 0.04 0.03 0.02 0.01
0.34 0.21 0.09 0.08 0.07 0.06 0.05 0.04 0.03 0.02 0.01
0.23 0.32 0.09 0.08 0.07 0.06 0.05 0.04 0.03 0.02 0.01
0.16 0.33 0.15 0.08 0.07 0.06 0.05 0.04 0.03 0.02 0.01
0.15 0.21 0.2 0.16 0.07 0.06 0.05 0.04 0.03 0.02 0.01
0.13 0.23 0.24 0.12 0.07 0.06 0.05 0.04 0.03 0.02 0.01
0.13 0.22 0.21 0.16 0.07 0.06 0.05 0.04 0.03 0.02 0.01
0.13 0.2 0.22 0.17 0.07 0.06 0.05 0.04 0.03 0.02 0.01
0.13 0.19 0.21 0.17 0.09 0.06 0.05 0.04 0.03 0.02 0.01
0.14 0.17 0.2 0.16 0.12 0.06 0.05 0.04 0.03 0.02 0.01
0.07 0.08 0.1 0.42 0.12 0.06 0.05 0.04 0.03 0.02 0.01
0.45 0.1 0.09 0.08 0.07 0.06 0.05 0.04 0.03 0.02 0.01
0.34 0.21 0.09 0.08 0.07 0.06 0.05 0.04 0.03 0.02 0.01
0.23 0.32 0.09 0.08 0.07 0.06 0.05 0.04 0.03 0.02 0.01
0.17 0.23 0.21 0.11 0.07 0.06 0.05 0.04 0.03 0.02 0.01
0.15 0.2 0.23 0.14 0.07 0.06 0.05 0.04 0.03 0.02 0.01
0.14 0.23 0.27 0.08 0.07 0.06 0.05 0.04 0.03 0.02 0.01
0.13 0.21 0.24 0.14 0.07 0.06 0.05 0.04 0.03 0.02 0.01
0.13 0.2 0.22 0.16 0.08 0.06 0.05 0.04 0.03 0.02 0.01
0.13 0.19 0.21 0.16 0.1 0.06 0.05 0.04 0.03 0.02 0.01
0.14 0.17 0.2 0.16 0.12 0.06 0.05 0.04 0.03 0.02 0.01
0.07 0.08 0.1 0.42 0.12 0.06 0.05 0.04 0.03 0.02 0.01
0.45 0.1 0.08 0.09 0.07 0.06 0.05 0.04 0.03 0.02 0.01
0.35 0.2 0.08 0.09 0.07 0.06 0.05 0.04 0.03 0.02 0.01
0.2 0.35 0.08 0.09 0.07 0.06 0.05 0.04 0.03 0.02 0.01
0.16 0.35 0.08 0.13 0.07 0.06 0.05 0.04 0.03 0.02 0.01
0.14 0.31 0.09 0.18 0.07 0.06 0.05 0.04 0.03 0.02 0.01
0.13 0.25 0.07 0.26 0.08 0.06 0.05 0.04 0.03 0.02 0.01
0.13 0.23 0.08 0.28 0.07 0.06 0.05 0.04 0.03 0.02 0.01
0.13 0.22 0.1 0.26 0.08 0.06 0.05 0.04 0.03 0.02 0.01
0.13 0.2 0.07 0.27 0.12 0.06 0.05 0.04 0.03 0.02 0.01
0.12 0.22 0.1 0.27 0.08 0.06 0.05 0.04 0.03 0.02 0.01
0.07 0.08 0.32 0.2 0.12 0.06 0.05 0.04 0.03 0.02 0.01
0.45 0.1 0.08 0.07 0.09 0.06 0.05 0.04 0.03 0.02 0.01
0.35 0.2 0.08 0.07 0.09 0.06 0.05 0.04 0.03 0.02 0.01
0.2 0.35 0.08 0.07 0.09 0.06 0.05 0.04 0.03 0.02 0.01
0.16 0.35 0.08 0.07 0.13 0.06 0.05 0.04 0.03 0.02 0.01
0.13 0.36 0.11 0.07 0.12 0.06 0.05 0.04 0.03 0.02 0.01
0.12 0.3 0.17 0.07 0.13 0.06 0.05 0.04 0.03 0.02 0.01
0.12 0.28 0.18 0.08 0.13 0.06 0.05 0.04 0.03 0.02 0.01
0.12 0.26 0.19 0.09 0.13 0.06 0.05 0.04 0.03 0.02 0.01
0.12 0.24 0.2 0.1 0.13 0.06 0.05 0.04 0.03 0.02 0.01
0.12 0.23 0.17 0.14 0.13 0.06 0.05 0.04 0.03 0.02 0.01
0.07 0.08 0.1 0.42 0.12 0.06 0.05 0.04 0.03 0.02 0.01
0.45 0.1 0.09 0.08 0.07 0.06 0.05 0.04 0.03 0.02 0.01
0.35 0.2 0.09 0.08 0.07 0.06 0.05 0.04 0.03 0.02 0.01
0.2 0.35 0.09 0.08 0.07 0.06 0.05 0.04 0.03 0.02 0.01
0.16 0.35 0.13 0.08 0.07 0.06 0.05 0.04 0.03 0.02 0.01
0.13 0.36 0.15 0.08 0.07 0.06 0.05 0.04 0.03 0.02 0.01
0.12 0.3 0.2 0.1 0.07 0.06 0.05 0.04 0.03 0.02 0.01
0.12 0.27 0.23 0.1 0.07 0.06 0.05 0.04 0.03 0.02 0.01
0.12 0.25 0.22 0.13 0.07 0.06 0.05 0.04 0.03 0.02 0.01
0.12 0.24 0.19 0.15 0.09 0.06 0.05 0.04 0.03 0.02 0.01
0.12 0.22 0.2 0.17 0.08 0.06 0.05 0.04 0.03 0.02 0.01
0.07 0.08 0.11 0.41 0.12 0.06 0.05 0.04 0.03 0.02 0.01
0.45 0.1 0.09 0.08 0.07 0.06 0.05 0.04 0.03 0.02 0.01
0.35 0.2 0.09 0.08 0.07 0.06 0.05 0.04 0.03 0.02 0.01
0.2 0.35 0.09 0.08 0.07 0.06 0.05 0.04 0.03 0.02 0.01
0.15 0.4 0.09 0.08 0.07 0.06 0.05 0.04 0.03 0.02 0.01
0.13 0.36 0.14 0.09 0.07 0.06 0.05 0.04 0.03 0.02 0.01
0.12 0.3 0.19 0.11 0.07 0.06 0.05 0.04 0.03 0.02 0.01
0.12 0.27 0.22 0.11 0.07 0.06 0.05 0.04 0.03 0.02 0.01
0.12 0.25 0.22 0.13 0.07 0.06 0.05 0.04 0.03 0.02 0.01
0.12 0.24 0.19 0.14 0.1 0.06 0.05 0.04 0.03 0.02 0.01
0.12 0.22 0.2 0.17 0.08 0.06 0.05 0.04 0.03 0.02 0.01
0.07 0.08 0.11 0.41 0.12 0.06 0.05 0.04 0.03 0.02 0.01
0.45 0.1 0.09 0.08 0.07 0.06 0.05 0.04 0.03 0.02 0.01
0.35 0.2 0.09 0.08 0.07 0.06 0.05 0.04 0.03 0.02 0.01
0.2 0.35 0.09 0.08 0.07 0.06 0.05 0.04 0.03 0.02 0.01
0.15 0.4 0.09 0.08 0.07 0.06 0.05 0.04 0.03 0.02 0.01
0.13 0.36 0.14 0.09 0.07 0.06 0.05 0.04 0.03 0.02 0.01
0.12 0.3 0.19 0.11 0.07 0.06 0.05 0.04 0.03 0.02 0.01
0.12 0.27 0.22 0.11 0.07 0.06 0.05 0.04 0.03 0.02 0.01
0.12 0.25 0.22 0.13 0.07 0.06 0.05 0.04 0.03 0.02 0.01
0.12 0.23 0.22 0.15 0.07 0.06 0.05 0.04 0.03 0.02 0.01
0.12 0.22 0.2 0.16 0.09 0.06 0.05 0.04 0.03 0.02 0.01
0.07 0.08 0.11 0.41 0.12 0.06 0.05 0.04 0.03 0.02 0.01
0.45 0.1 0.09 0.08 0.07 0.06 0.05 0.04 0.03 0.02 0.01
0.35 0.2 0.09 0.08 0.07 0.06 0.05 0.04 0.03 0.02 0.01
0.2 0.35 0.09 0.08 0.07 0.06 0.05 0.04 0.03 0.02 0.01
0.15 0.4 0.09 0.08 0.07 0.06 0.05 0.04 0.03 0.02 0.01
0.13 0.35 0.16 0.08 0.07 0.06 0.05 0.04 0.03 0.02 0.01
0.12 0.3 0.19 0.11 0.07 0.06 0.05 0.04 0.03 0.02 0.01
0.12 0.27 0.22 0.11 0.07 0.06 0.05 0.04 0.03 0.02 0.01
0.12 0.25 0.21 0.14 0.07 0.06 0.05 0.04 0.03 0.02 0.01
0.12 0.23 0.22 0.15 0.07 0.06 0.05 0.04 0.03 0.02 0.01
0.12 0.22 0.2 0.16 0.09 0.06 0.05 0.04 0.03 0.02 0.01
0.07 0.08 0.11 0.41 0.12 0.06 0.05 0.04 0.03 0.02 0.01
0.45 0.1 0.09 0.08 0.07 0.06 0.05 0.04 0.03 0.02 0.01
0.34 0.21 0.09 0.08 0.07 0.06 0.05 0.04 0.03 0.02 0.01
0.2 0.35 0.09 0.08 0.07 0.06 0.05 0.04 0.03 0.02 0.01
0.15 0.4 0.09 0.08 0.07 0.06 0.05 0.04 0.03 0.02 0.01
0.13 0.35 0.16 0.08 0.07 0.06 0.05 0.04 0.03 0.02 0.01
0.12 0.29 0.23 0.08 0.07 0.06 0.05 0.04 0.03 0.02 0.01
0.12 0.27 0.22 0.1 0.08 0.06 0.05 0.04 0.03 0.02 0.01
0.12 0.25 0.21 0.14 0.07 0.06 0.05 0.04 0.03 0.02 0.01
0.12 0.23 0.22 0.14 0.08 0.06 0.05 0.04 0.03 0.02 0.01
0.12 0.22 0.2 0.15 0.1 0.06 0.05 0.04 0.03 0.02 0.01
0.07 0.08 0.11 0.41 0.12 0.06 0.05 0.04 0.03 0.02 0.01
0.45 0.1 0.09 0.08 0.07 0.06 0.05 0.04 0.03 0.02 0.01
0.34 0.21 0.09 0.08 0.07 0.06 0.05 0.04 0.03 0.02 0.01
0.2 0.35 0.09 0.08 0.07 0.06 0.05 0.04 0.03 0.02 0.01
0.15 0.4 0.09 0.08 0.07 0.06 0.05 0.04 0.03 0.02 0.01
0.13 0.35 0.16 0.08 0.07 0.06 0.05 0.04 0.03 0.02 0.01
0.12 0.29 0.23 0.08 0.07 0.06 0.05 0.04 0.03 0.02 0.01
0.12 0.27 0.21 0.11 0.08 0.06 0.05 0.04 0.03 0.02 0.01
0.12 0.25 0.21 0.14 0.07 0.06 0.05 0.04 0.03 0.02 0.01
0.12 0.23 0.22 0.14 0.08 0.06 0.05 0.04 0.03 0.02 0.01
0.12 0.22 0.19 0.17 0.09 0.06 0.05 0.04 0.03 0.02 0.01
0.07 0.08 0.11 0.41 0.12 0.06 0.05 0.04 0.03 0.02 0.01
0.45 0.1 0.09 0.08 0.07 0.06 0.05 0.04 0.03 0.02 0.01
0.34 0.21 0.09 0.08 0.07 0.06 0.05 0.04 0.03 0.02 0.01
0.2 0.35 0.09 0.08 0.07 0.06 0.05 0.04 0.03 0.02 0.01
0.15 0.4 0.09 0.08 0.07 0.06 0.05 0.04 0.03 0.02 0.01
0.13 0.35 0.16 0.08 0.07 0.06 0.05 0.04 0.03 0.02 0.01
0.12 0.29 0.23 0.08 0.07 0.06 0.05 0.04 0.03 0.02 0.01
0.12 0.27 0.21 0.11 0.08 0.06 0.05 0.04 0.03 0.02 0.01
0.12 0.25 0.21 0.14 0.07 0.06 0.05 0.04 0.03 0.02 0.01
0.12 0.23 0.22 0.14 0.08 0.06 0.05 0.04 0.03 0.02 0.01
0.12 0.22 0.19 0.17 0.09 0.06 0.05 0.04 0.03 0.02 0.01
0.07 0.08 0.11 0.41 0.12 0.06 0.05 0.04 0.03 0.02 0.01
0.45 0.1 0.09 0.08 0.07 0.06 0.05 0.04 0.03 0.02 0.01
0.34 0.21 0.09 0.08 0.07 0.06 0.05 0.04 0.03 0.02 0.01
0.2 0.35 0.09 0.08 0.07 0.06 0.05 0.04 0.03 0.02 0.01
0.15 0.4 0.09 0.08 0.07 0.06 0.05 0.04 0.03 0.02 0.01
0.13 0.35 0.16 0.08 0.07 0.06 0.05 0.04 0.03 0.02 0.01
0.12 0.29 0.23 0.08 0.07 0.06 0.05 0.04 0.03 0.02 0.01
0.12 0.27 0.21 0.11 0.08 0.06 0.05 0.04 0.03 0.02 0.01
0.12 0.25 0.21 0.13 0.08 0.06 0.05 0.04 0.03 0.02 0.01
0.12 0.23 0.21 0.16 0.07 0.06 0.05 0.04 0.03 0.02 0.01
0.12 0.24 0.21 0.15 0.07 0.06 0.05 0.04 0.03 0.02 0.01
0.07 0.08 0.11 0.41 0.12 0.06 0.05 0.04 0.03 0.02 0.01
0.45 0.1 0.09 0.07 0.08 0.06 0.05 0.04 0.03 0.02 0.01
0.35 0.2 0.09 0.07 0.08 0.06 0.05 0.04 0.03 0.02 0.01
0.2 0.35 0.09 0.07 0.08 0.06 0.05 0.04 0.03 0.02 0.01
0.16 0.35 0.13 0.07 0.08 0.06 0.05 0.04 0.03 0.02 0.01
0.14 0.3 0.2 0.07 0.08 0.06 0.05 0.04 0.03 0.02 0.01
0.13 0.24 0.26 0.07 0.09 0.06 0.05 0.04 0.03 0.02 0.01
0.13 0.22 0.26 0.07 0.11 0.06 0.05 0.04 0.03 0.02 0.01
0.12 0.21 0.25 0.08 0.13 0.06 0.05 0.04 0.03 0.02 0.01
0.12 0.23 0.24 0.07 0.13 0.06 0.05 0.04 0.03 0.02 0.01
0.12 0.21 0.25 0.08 0.13 0.06 0.05 0.04 0.03 0.02 0.01
0.07 0.08 0.11 0.41 0.12 0.06 0.05 0.04 0.03 0.02 0.01
0.45 0.1 0.09 0.08 0.07 0.06 0.05 0.04 0.03 0.02 0.01
0.35 0.2 0.09 0.08 0.07 0.06 0.05 0.04 0.03 0.02 0.01
0.2 0.35 0.09 0.08 0.07 0.06 0.05 0.04 0.03 0.02 0.01
0.16 0.35 0.13 0.08 0.07 0.06 0.05 0.04 0.03 0.02 0.01
0.14 0.3 0.2 0.08 0.07 0.06 0.05 0.04 0.03 0.02 0.01
0.13 0.24 0.26 0.09 0.07 0.06 0.05 0.04 0.03 0.02 0.01
0.13 0.22 0.26 0.11 0.07 0.06 0.05 0.04 0.03 0.02 0.01
0.12 0.24 0.27 0.09 0.07 0.06 0.05 0.04 0.03 0.02 0.01
0.12 0.21 0.29 0.1 0.07 0.06 0.05 0.04 0.03 0.02 0.01
0.12 0.21 0.24 0.15 0.07 0.06 0.05 0.04 0.03 0.02 0.01
0.07 0.08 0.11 0.41 0.12 0.06 0.05 0.04 0.03 0.02 0.01
0.45 0.1 0.09 0.08 0.07 0.06 0.05 0.04 0.03 0.02 0.01
0.35 0.2 0.09 0.08 0.07 0.06 0.05 0.04 0.03 0.02 0.01
0.2 0.35 0.09 0.08 0.07 0.06 0.05 0.04 0.03 0.02 0.01
0.16 0.35 0.13 0.08 0.07 0.06 0.05 0.04 0.03 0.02 0.01
0.14 0.3 0.2 0.08 0.07 0.06 0.05 0.04 0.03 0.02 0.01
0.13 0.24 0.26 0.09 0.07 0.06 0.05 0.04 0.03 0.02 0.01
0.13 0.22 0.26 0.11 0.07 0.06 0.05 0.04 0.03 0.02 0.01
0.12 0.23 0.29 0.08 0.07 0.06 0.05 0.04 0.03 0.02 0.01
0.12 0.21 0.29 0.1 0.07 0.06 0.05 0.04 0.03 0.02 0.01
0.12 0.21 0.24 0.15 0.07 0.06 0.05 0.04 0.03 0.02 0.01
0.07 0.08 0.11 0.41 0.12 0.06 0.05 0.04 0.03 0.02 0.01
0.45 0.1 0.09 0.08 0.07 0.06 0.05 0.04 0.03 0.02 0.01
0.35 0.2 0.09 0.08 0.07 0.06 0.05 0.04 0.03 0.02 0.01
0.2 0.35 0.09 0.08 0.07 0.06 0.05 0.04 0.03 0.02 0.01
0.16 0.35 0.13 0.08 0.07 0.06 0.05 0.04 0.03 0.02 0.01
0.14 0.3 0.2 0.08 0.07 0.06 0.05 0.04 0.03 0.02 0.01
0.13 0.24 0.26 0.09 0.07 0.06 0.05 0.04 0.03 0.02 0.01
0.13 0.22 0.26 0.11 0.07 0.06 0.05 0.04 0.03 0.02 0.01
0.12 0.23 0.29 0.08 0.07 0.06 0.05 0.04 0.03 0.02 0.01
0.12 0.21 0.29 0.09 0.08 0.06 0.05 0.04 0.03 0.02 0.01
0.12 0.21 0.24 0.15 0.07 0.06 0.05 0.04 0.03 0.02 0.01
0.07 0.08 0.11 0.41 0.12 0.06 0.05 0.04 0.03 0.02 0.01
0.45 0.1 0.09 0.08 0.07 0.06 0.05 0.04 0.03 0.02 0.01
0.35 0.2 0.09 0.08 0.07 0.06 0.05 0.04 0.03 0.02 0.01
0.2 0.35 0.09 0.08 0.07 0.06 0.05 0.04 0.03 0.02 0.01
0.16 0.35 0.13 0.08 0.07 0.06 0.05 0.04 0.03 0.02 0.01
0.14 0.3 0.2 0.08 0.07 0.06 0.05 0.04 0.03 0.02 0.01
0.13 0.24 0.26 0.09 0.07 0.06 0.05 0.04 0.03 0.02 0.01
0.13 0.21 0.28 0.1 0.07 0.06 0.05 0.04 0.03 0.02 0.01
0.12 0.23 0.29 0.08 0.07 0.06 0.05 0.04 0.03 0.02 0.01
0.12 0.21 0.28 0.11 0.07 0.06 0.05 0.04 0.03 0.02 0.01
0.12 0.21 0.24 0.15 0.07 0.06 0.05 0.04 0.03 0.02 0.01
0.07 0.08 0.11 0.41 0.12 0.06 0.05 0.04 0.03 0.02 0.01
0.45 0.1 0.09 0.08 0.07 0.06 0.05 0.04 0.03 0.02 0.01
0.35 0.2 0.09 0.08 0.07 0.06 0.05 0.04 0.03 0.02 0.01
0.2 0.35 0.09 0.08 0.07 0.06 0.05 0.04 0.03 0.02 0.01
0.16 0.34 0.14 0.08 0.07 0.06 0.05 0.04 0.03 0.02 0.01
0.14 0.3 0.2 0.08 0.07 0.06 0.05 0.04 0.03 0.02 0.01
0.13 0.23 0.28 0.08 0.07 0.06 0.05 0.04 0.03 0.02 0.01
0.13 0.21 0.28 0.1 0.07 0.06 0.05 0.04 0.03 0.02 0.01
0.12 0.23 0.29 0.08 0.07 0.06 0.05 0.04 0.03 0.02 0.01
0.12 0.21 0.28 0.11 0.07 0.06 0.05 0.04 0.03 0.02 0.01
0.12 0.2 0.26 0.14 0.07 0.06 0.05 0.04 0.03 0.02 0.01
0.07 0.08 0.11 0.41 0.12 0.06 0.05 0.04 0.03 0.02 0.01
0.45 0.1 0.09 0.08 0.07 0.06 0.05 0.04 0.03 0.02 0.01
0.35 0.2 0.09 0.08 0.07 0.06 0.05 0.04 0.03 0.02 0.01
0.2 0.35 0.09 0.08 0.07 0.06 0.05 0.04 0.03 0.02 0.01
0.16 0.34 0.14 0.08 0.07 0.06 0.05 0.04 0.03 0.02 0.01
0.14 0.3 0.2 0.08 0.07 0.06 0.05 0.04 0.03 0.02 0.01
0.13 0.23 0.28 0.08 0.07 0.06 0.05 0.04 0.03 0.02 0.01
0.13 0.22 0.25 0.12 0.07 0.06 0.05 0.04 0.03 0.02 0.01
0.12 0.24 0.26 0.1 0.07 0.06 0.05 0.04 0.03 0.02 0.01
0.12 0.21 0.28 0.11 0.07 0.06 0.05 0.04 0.03 0.02 0.01
0.12 0.2 0.26 0.14 0.07 0.06 0.05 0.04 0.03 0.02 0.01
0.07 0.08 0.11 0.41 0.12 0.06 0.05 0.04 0.03 0.02 0.01
0.45 0.1 0.09 0.08 0.07 0.06 0.05 0.04 0.03 0.02 0.01
0.35 0.19 0.1 0.08 0.07 0.06 0.05 0.04 0.03 0.02 0.01
0.2 0.35 0.09 0.08 0.07 0.06 0.05 0.04 0.03 0.02 0.01
0.16 0.34 0.14 0.08 0.07 0.06 0.05 0.04 0.03 0.02 0.01
0.14 0.29 0.21 0.08 0.07 0.06 0.05 0.04 0.03 0.02 0.01
0.13 0.23 0.28 0.08 0.07 0.06 0.05 0.04 0.03 0.02 0.01
0.13 0.22 0.25 0.12 0.07 0.06 0.05 0.04 0.03 0.02 0.01
0.12 0.24 0.26 0.1 0.07 0.06 0.05 0.04 0.03 0.02 0.01
0.12 0.21 0.28 0.11 0.07 0.06 0.05 0.04 0.03 0.02 0.01
0.12 0.2 0.26 0.14 0.07 0.06 0.05 0.04 0.03 0.02 0.01
0.07 0.08 0.11 0.41 0.12 0.06 0.05 0.04 0.03 0.02 0.01
0.45 0.1 0.09 0.08 0.07 0.06 0.05 0.04 0.03 0.02 0.01
0.35 0.2 0.09 0.08 0.07 0.06 0.05 0.04 0.03 0.02 0.01
0.2 0.35 0.09 0.08 0.07 0.06 0.05 0.04 0.03 0.02 0.01
0.16 0.35 0.13 0.08 0.07 0.06 0.05 0.04 0.03 0.02 0.01
0.14 0.3 0.2 0.08 0.07 0.06 0.05 0.04 0.03 0.02 0.01
0.13 0.25 0.23 0.11 0.07 0.06 0.05 0.04 0.03 0.02 0.01
0.13 0.22 0.26 0.11 0.07 0.06 0.05 0.04 0.03 0.02 0.01
0.12 0.22 0.21 0.17 0.07 0.06 0.05 0.04 0.03 0.02 0.01
0.13 0.2 0.22 0.17 0.07 0.06 0.05 0.04 0.03 0.02 0.01
0.13 0.19 0.21 0.17 0.09 0.06 0.05 0.04 0.03 0.02 0.01
0.07 0.08 0.1 0.42 0.12 0.06 0.05 0.04 0.03 0.02 0.01
0.45 0.1 0.09 0.08 0.07 0.06 0.05 0.04 0.03 0.02 0.01
0.35 0.2 0.09 0.08 0.07 0.06 0.05 0.04 0.03 0.02 0.01
0.2 0.35 0.09 0.08 0.07 0.06 0.05 0.04 0.03 0.02 0.01
0.16 0.35 0.13 0.08 0.07 0.06 0.05 0.04 0.03 0.02 0.01
0.14 0.3 0.2 0.08 0.07 0.06 0.05 0.04 0.03 0.02 0.01
0.13 0.24 0.26 0.09 0.07 0.06 0.05 0.04 0.03 0.02 0.01
0.13 0.23 0.22 0.14 0.07 0.06 0.05 0.04 0.03 0.02 0.01
0.13 0.21 0.23 0.15 0.07 0.06 0.05 0.04 0.03 0.02 0.01
0.13 0.2 0.21 0.18 0.07 0.06 0.05 0.04 0.03 0.02 0.01
0.13 0.19 0.2 0.18 0.09 0.06 0.05 0.04 0.03 0.02 0.01
0.07 0.08 0.1 0.42 0.12 0.06 0.05 0.04 0.03 0.02 0.01
0.45 0.1 0.09 0.08 0.07 0.06 0.05 0.04 0.03 0.02 0.01
0.35 0.2 0.09 0.08 0.07 0.06 0.05 0.04 0.03 0.02 0.01
0.2 0.35 0.09 0.08 0.07 0.06 0.05 0.04 0.03 0.02 0.01
0.16 0.35 0.13 0.08 0.07 0.06 0.05 0.04 0.03 0.02 0.01
0.14 0.3 0.2 0.08 0.07 0.06 0.05 0.04 0.03 0.02 0.01
0.13 0.25 0.23 0.11 0.07 0.06 0.05 0.04 0.03 0.02 0.01
0.13 0.22 0.26 0.11 0.07 0.06 0.05 0.04 0.03 0.02 0.01
0.12 0.22 0.21 0.17 0.07 0.06 0.05 0.04 0.03 0.02 0.01
0.13 0.2 0.22 0.16 0.08 0.06 0.05 0.04 0.03 0.02 0.01
0.13 0.19 0.21 0.17 0.09 0.06 0.05 0.04 0.03 0.02 0.01
0.07 0.08 0.1 0.42 0.12 0.06 0.05 0.04 0.03 0.02 0.01
0.45 0.1 0.09 0.08 0.07 0.06 0.05 0.04 0.03 0.02 0.01
0.35 0.2 0.09 0.08 0.07 0.06 0.05 0.04 0.03 0.02 0.01
0.2 0.35 0.09 0.08 0.07 0.06 0.05 0.04 0.03 0.02 0.01
0.16 0.35 0.13 0.08 0.07 0.06 0.05 0.04 0.03 0.02 0.01
0.14 0.3 0.2 0.08 0.07 0.06 0.05 0.04 0.03 0.02 0.01
0.13 0.25 0.23 0.11 0.07 0.06 0.05 0.04 0.03 0.02 0.01
0.13 0.22 0.26 0.11 0.07 0.06 0.05 0.04 0.03 0.02 0.01
0.13 0.21 0.24 0.14 0.07 0.06 0.05 0.04 0.03 0.02 0.01
0.13 0.2 0.22 0.16 0.08 0.06 0.05 0.04 0.03 0.02 0.01
0.13 0.19 0.21 0.16 0.1 0.06 0.05 0.04 0.03 0.02 0.01
0.07 0.08 0.1 0.42 0.12 0.06 0.05 0.04 0.03 0.02 0.01
0.45 0.1 0.09 0.08 0.07 0.06 0.05 0.04 0.03 0.02 0.01
0.35 0.2 0.09 0.08 0.07 0.06 0.05 0.04 0.03 0.02 0.01
0.2 0.35 0.09 0.08 0.07 0.06 0.05 0.04 0.03 0.02 0.01
0.16 0.35 0.13 0.08 0.07 0.06 0.05 0.04 0.03 0.02 0.01
0.14 0.3 0.2 0.08 0.07 0.06 0.05 0.04 0.03 0.02 0.01
0.13 0.25 0.23 0.11 0.07 0.06 0.05 0.04 0.03 0.02 0.01
0.13 0.22 0.26 0.11 0.07 0.06 0.05 0.04 0.03 0.02 0.01
0.13 0.22 0.2 0.17 0.07 0.06 0.05 0.04 0.03 0.02 0.01
0.13 0.2 0.22 0.16 0.08 0.06 0.05 0.04 0.03 0.02 0.01
0.13 0.19 0.21 0.16 0.1 0.06 0.05 0.04 0.03 0.02 0.01
0.07 0.08 0.1 0.42 0.12 0.06 0.05 0.04 0.03 0.02 0.01
0.45 0.1 0.09 0.08 0.07 0.06 0.05 0.04 0.03 0.02 0.01
0.35 0.2 0.09 0.08 0.07 0.06 0.05 0.04 0.03 0.02 0.01
0.2 0.35 0.09 0.08 0.07 0.06 0.05 0.04 0.03 0.02 0.01
0.16 0.35 0.13 0.08 0.07 0.06 0.05 0.04 0.03 0.02 0.01
0.14 0.3 0.2 0.08 0.07 0.06 0.05 0.04 0.03 0.02 0.01
0.13 0.25 0.23 0.11 0.07 0.06 0.05 0.04 0.03 0.02 0.01
0.13 0.22 0.26 0.11 0.07 0.06 0.05 0.04 0.03 0.02 0.01
0.13 0.21 0.23 0.15 0.07 0.06 0.05 0.04 0.03 0.02 0.01
0.13 0.2 0.22 0.16 0.08 0.06 0.05 0.04 0.03 0.02 0.01
0.13 0.19 0.21 0.16 0.1 0.06 0.05 0.04 0.03 0.02 0.01
0.07 0.08 0.1 0.42 0.12 0.06 0.05 0.04 0.03 0.02 0.01
0.45 0.1 0.09 0.08 0.07 0.06 0.05 0.04 0.03 0.02 0.01
0.35 0.2 0.09 0.08 0.07 0.06 0.05 0.04 0.03 0.02 0.01
0.2 0.35 0.09 0.08 0.07 0.06 0.05 0.04 0.03 0.02 0.01
0.16 0.35 0.13 0.08 0.07 0.06 0.05 0.04 0.03 0.02 0.01
0.14 0.3 0.2 0.08 0.07 0.06 0.05 0.04 0.03 0.02 0.01
0.13 0.25 0.23 0.11 0.07 0.06 0.05 0.04 0.03 0.02 0.01
0.13 0.22 0.26 0.11 0.07 0.06 0.05 0.04 0.03 0.02 0.01
0.12 0.22 0.21 0.17 0.07 0.06 0.05 0.04 0.03 0.02 0.01
0.13 0.2 0.22 0.17 0.07 0.06 0.05 0.04 0.03 0.02 0.01
0.13 0.19 0.21 0.17 0.09 0.06 0.05 0.04 0.03 0.02 0.01
0.07 0.08 0.1 0.42 0.12 0.06 0.05 0.04 0.03 0.02 0.01
0.45 0.1 0.09 0.08 0.07 0.06 0.05 0.04 0.03 0.02 0.01
0.35 0.2 0.09 0.08 0.07 0.06 0.05 0.04 0.03 0.02 0.01
0.2 0.35 0.09 0.08 0.07 0.06 0.05 0.04 0.03 0.02 0.01
0.16 0.35 0.13 0.08 0.07 0.06 0.05 0.04 0.03 0.02 0.01
0.14 0.3 0.2 0.08 0.07 0.06 0.05 0.04 0.03 0.02 0.01
0.13 0.25 0.23 0.11 0.07 0.06 0.05 0.04 0.03 0.02 0.01
0.13 0.22 0.26 0.11 0.07 0.06 0.05 0.04 0.03 0.02 0.01
0.12 0.22 0.21 0.17 0.07 0.06 0.05 0.04 0.03 0.02 0.01
0.13 0.2 0.22 0.17 0.07 0.06 0.05 0.04 0.03 0.02 0.01
0.13 0.19 0.21 0.17 0.09 0.06 0.05 0.04 0.03 0.02 0.01
0.07 0.08 0.1 0.42 0.12 0.06 0.05 0.04 0.03 0.02 0.01
0.45 0.1 0.09 0.08 0.07 0.06 0.05 0.04 0.03 0.02 0.01
0.35 0.2 0.09 0.08 0.07 0.06 0.05 0.04 0.03 0.02 0.01
0.2 0.35 0.09 0.08 0.07 0.06 0.05 0.04 0.03 0.02 0.01
0.16 0.35 0.13 0.08 0.07 0.06 0.05 0.04 0.03 0.02 0.01
0.14 0.3 0.2 0.08 0.07 0.06 0.05 0.04 0.03 0.02 0.01
0.13 0.25 0.23 0.11 0.07 0.06 0.05 0.04 0.03 0.02 0.01
0.13 0.22 0.26 0.11 0.07 0.06 0.05 0.04 0.03 0.02 0.01
0.13 0.21 0.24 0.14 0.07 0.06 0.05 0.04 0.03 0.02 0.01
0.13 0.2 0.22 0.16 0.08 0.06 0.05 0.04 0.03 0.02 0.01
0.13 0.19 0.21 0.16 0.1 0.06 0.05 0.04 0.03 0.02 0.01
0.07 0.08 0.1 0.42 0.12 0.06 0.05 0.04 0.03 0.02 0.01
0.45 0.1 0.09 0.08 0.07 0.06 0.05 0.04 0.03 0.02 0.01
0.35 0.2 0.09 0.08 0.07 0.06 0.05 0.04 0.03 0.02 0.01
0.2 0.35 0.09 0.08 0.07 0.06 0.05 0.04 0.03 0.02 0.01
0.16 0.35 0.13 0.08 0.07 0.06 0.05 0.04 0.03 0.02 0.01
0.14 0.3 0.2 0.08 0.07 0.06 0.05 0.04 0.03 0.02 0.01
0.13 0.25 0.23 0.11 0.07 0.06 0.05 0.04 0.03 0.02 0.01
0.13 0.22 0.26 0.11 0.07 0.06 0.05 0.04 0.03 0.02 0.01
0.13 0.22 0.2 0.17 0.07 0.06 0.05 0.04 0.03 0.02 0.01
0.13 0.2 0.22 0.16 0.08 0.06 0.05 0.04 0.03 0.02 0.01
0.13 0.19 0.21 0.16 0.1 0.06 0.05 0.04 0.03 0.02 0.01
0.07 0.08 0.1 0.42 0.12 0.06 0.05 0.04 0.03 0.02 0.01
0.45 0.1 0.09 0.08 0.07 0.06 0.05 0.04 0.03 0.02 0.01
0.35 0.2 0.09 0.08 0.07 0.06 0.05 0.04 0.03 0.02 0.01
0.2 0.35 0.09 0.08 0.07 0.06 0.05 0.04 0.03 0.02 0.01
0.16 0.35 0.13 0.08 0.07 0.06 0.05 0.04 0.03 0.02 0.01
0.14 0.3 0.2 0.08 0.07 0.06 0.05 0.04 0.03 0.02 0.01
0.13 0.25 0.23 0.11 0.07 0.06 0.05 0.04 0.03 0.02 0.01
0.13 0.22 0.26 0.11 0.07 0.06 0.05 0.04 0.03 0.02 0.01
0.13 0.22 0.2 0.17 0.07 0.06 0.05 0.04 0.03 0.02 0.01
0.13 0.2 0.22 0.16 0.08 0.06 0.05 0.04 0.03 0.02 0.01
0.13 0.19 0.21 0.16 0.1 0.06 0.05 0.04 0.03 0.02 0.01
0.07 0.08 0.1 0.42 0.12 0.06 0.05 0.04 0.03 0.02 0.01
0.45 0.1 0.09 0.08 0.07 0.06 0.05 0.04 0.03 0.02 0.01
0.35 0.2 0.09 0.08 0.07 0.06 0.05 0.04 0.03 0.02 0.01
0.2 0.35 0.09 0.08 0.07 0.06 0.05 0.04 0.03 0.02 0.01
0.16 0.35 0.13 0.08 0.07 0.06 0.05 0.04 0.03 0.02 0.01
0.14 0.3 0.2 0.08 0.07 0.06 0.05 0.04 0.03 0.02 0.01
0.13 0.25 0.23 0.11 0.07 0.06 0.05 0.04 0.03 0.02 0.01
0.13 0.22 0.26 0.11 0.07 0.06 0.05 0.04 0.03 0.02 0.01
0.12 0.22 0.21 0.17 0.07 0.06 0.05 0.04 0.03 0.02 0.01
0.13 0.2 0.22 0.17 0.07 0.06 0.05 0.04 0.03 0.02 0.01
0.13 0.19 0.21 0.17 0.09 0.06 0.05 0.04 0.03 0.02 0.01
0.07 0.08 0.1 0.42 0.12 0.06 0.05 0.04 0.03 0.02 0.01
0.45 0.1 0.09 0.08 0.07 0.06 0.05 0.04 0.03 0.02 0.01
0.35 0.2 0.09 0.08 0.07 0.06 0.05 0.04 0.03 0.02 0.01
0.2 0.35 0.09 0.08 0.07 0.06 0.05 0.04 0.03 0.02 0.01
0.16 0.35 0.13 0.08 0.07 0.06 0.05 0.04 0.03 0.02 0.01
0.14 0.3 0.2 0.08 0.07 0.06 0.05 0.04 0.03 0.02 0.01
0.13 0.25 0.23 0.11 0.07 0.06 0.05 0.04 0.03 0.02 0.01
0.13 0.22 0.26 0.11 0.07 0.06 0.05 0.04 0.03 0.02 0.01
0.12 0.22 0.21 0.17 0.07 0.06 0.05 0.04 0.03 0.02 0.01
0.13 0.2 0.22 0.17 0.07 0.06 0.05 0.04 0.03 0.02 0.01
0.13 0.19 0.21 0.17 0.09 0.06 0.05 0.04 0.03 0.02 0.01
0.07 0.08 0.1 0.42 0.12 0.06 0.05 0.04 0.03 0.02 0.01
0.45 0.1 0.09 0.08 0.07 0.06 0.05 0.04 0.03 0.02 0.01
0.35 0.2 0.09 0.08 0.07 0.06 0.05 0.04 0.03 0.02 0.01
0.2 0.35 0.09 0.08 0.07 0.06 0.05 0.04 0.03 0.02 0.01
0.16 0.35 0.13 0.08 0.07 0.06 0.05 0.04 0.03 0.02 0.01
0.14 0.3 0.2 0.08 0.07 0.06 0.05 0.04 0.03 0.02 0.01
0.13 0.25 0.23 0.11 0.07 0.06 0.05 0.04 0.03 0.02 0.01
0.13 0.22 0.26 0.11 0.07 0.06 0.05 0.04 0.03 0.02 0.01
0.12 0.22 0.21 0.17 0.07 0.06 0.05 0.04 0.03 0.02 0.01
0.13 0.2 0.22 0.16 0.08 0.06 0.05 0.04 0.03 0.02 0.01
0.13 0.19 0.21 0.17 0.09 0.06 0.05 0.04 0.03 0.02 0.01
0.07 0.08 0.1 0.42 0.12 0.06 0.05 0.04 0.03 0.02 0.01
0.45 0.1 0.09 0.08 0.07 0.06 0.05 0.04 0.03 0.02 0.01
0.35 0.2 0.09 0.08 0.07 0.06 0.05 0.04 0.03 0.02 0.01
0.2 0.35 0.09 0.08 0.07 0.06 0.05 0.04 0.03 0.02 0.01
0.16 0.35 0.13 0.08 0.07 0.06 0.05 0.04 0.03 0.02 0.01
0.14 0.3 0.2 0.08 0.07 0.06 0.05 0.04 0.03 0.02 0.01
0.13 0.25 0.23 0.11 0.07 0.06 0.05 0.04 0.03 0.02 0.01
0.13 0.22 0.26 0.11 0.07 0.06 0.05 0.04 0.03 0.02 0.01
0.13 0.22 0.2 0.17 0.07 0.06 0.05 0.04 0.03 0.02 0.01
0.13 0.2 0.22 0.16 0.08 0.06 0.05 0.04 0.03 0.02 0.01
0.13 0.19 0.21 0.16 0.1 0.06 0.05 0.04 0.03 0.02 0.01
0.07 0.08 0.1 0.42 0.12 0.06 0.05 0.04 0.03 0.02 0.01
0.45 0.1 0.09 0.08 0.07 0.06 0.05 0.04 0.03 0.02 0.01
0.35 0.2 0.09 0.08 0.07 0.06 0.05 0.04 0.03 0.02 0.01
0.2 0.35 0.09 0.08 0.07 0.06 0.05 0.04 0.03 0.02 0.01
0.16 0.35 0.13 0.08 0.07 0.06 0.05 0.04 0.03 0.02 0.01
0.14 0.3 0.2 0.08 0.07 0.06 0.05 0.04 0.03 0.02 0.01
0.13 0.25 0.23 0.11 0.07 0.06 0.05 0.04 0.03 0.02 0.01
0.13 0.22 0.26 0.11 0.07 0.06 0.05 0.04 0.03 0.02 0.01
0.12 0.22 0.21 0.17 0.07 0.06 0.05 0.04 0.03 0.02 0.01
0.13 0.2 0.22 0.17 0.07 0.06 0.05 0.04 0.03 0.02 0.01
0.13 0.19 0.21 0.17 0.09 0.06 0.05 0.04 0.03 0.02 0.01
0.07 0.08 0.1 0.42 0.12 0.06 0.05 0.04 0.03 0.02 0.01
0.45 0.1 0.09 0.08 0.07 0.06 0.05 0.04 0.03 0.02 0.01
0.35 0.2 0.09 0.08 0.07 0.06 0.05 0.04 0.03 0.02 0.01
0.2 0.35 0.09 0.08 0.07 0.06 0.05 0.04 0.03 0.02 0.01
0.16 0.35 0.13 0.08 0.07 0.06 0.05 0.04 0.03 0.02 0.01
0.14 0.3 0.2 0.08 0.07 0.06 0.05 0.04 0.03 0.02 0.01
0.13 0.25 0.23 0.11 0.07 0.06 0.05 0.04 0.03 0.02 0.01
0.13 0.22 0.26 0.11 0.07 0.06 0.05 0.04 0.03 0.02 0.01
0.12 0.22 0.21 0.17 0.07 0.06 0.05 0.04 0.03 0.02 0.01
0.13 0.2 0.22 0.17 0.07 0.06 0.05 0.04 0.03 0.02 0.01
0.13 0.19 0.21 0.17 0.09 0.06 0.05 0.04 0.03 0.02 0.01
0.07 0.08 0.1 0.42 0.12 0.06 0.05 0.04 0.03 0.02 0.01
0.45 0.1 0.09 0.08 0.07 0.06 0.05 0.04 0.03 0.02 0.01
0.35 0.2 0.09 0.08 0.07 0.06 0.05 0.04 0.03 0.02 0.01
0.2 0.35 0.09 0.08 0.07 0.06 0.05 0.04 0.03 0.02 0.01
0.16 0.35 0.13 0.08 0.07 0.06 0.05 0.04 0.03 0.02 0.01
0.14 0.3 0.2 0.08 0.07 0.06 0.05 0.04 0.03 0.02 0.01
0.13 0.25 0.23 0.11 0.07 0.06 0.05 0.04 0.03 0.02 0.01
0.13 0.22 0.26 0.11 0.07 0.06 0.05 0.04 0.03 0.02 0.01
0.12 0.22 0.21 0.17 0.07 0.06 0.05 0.04 0.03 0.02 0.01
0.13 0.2 0.22 0.16 0.08 0.06 0.05 0.04 0.03 0.02 0.01
0.13 0.19 0.21 0.17 0.09 0.06 0.05 0.04 0.03 0.02 0.01
0.07 0.08 0.1 0.42 0.12 0.06 0.05 0.04 0.03 0.02 0.01
0.45 0.1 0.09 0.08 0.07 0.06 0.05 0.04 0.03 0.02 0.01
0.35 0.2 0.09 0.08 0.07 0.06 0.05 0.04 0.03 0.02 0.01
0.2 0.35 0.09 0.08 0.07 0.06 0.05 0.04 0.03 0.02 0.01
0.16 0.35 0.13 0.08 0.07 0.06 0.05 0.04 0.03 0.02 0.01
0.14 0.3 0.2 0.08 0.07 0.06 0.05 0.04 0.03 0.02 0.01
0.13 0.25 0.23 0.11 0.07 0.06 0.05 0.04 0.03 0.02 0.01
0.13 0.22 0.26 0.11 0.07 0.06 0.05 0.04 0.03 0.02 0.01
0.12 0.22 0.21 0.17 0.07 0.06 0.05 0.04 0.03 0.02 0.01
0.13 0.2 0.22 0.17 0.07 0.06 0.05 0.04 0.03 0.02 0.01
0.13 0.19 0.21 0.17 0.09 0.06 0.05 0.04 0.03 0.02 0.01
0.07 0.08 0.1 0.42 0.12 0.06 0.05 0.04 0.03 0.02 0.01
0.45 0.1 0.09 0.08 0.07 0.06 0.05 0.04 0.03 0.02 0.01
0.35 0.2 0.09 0.08 0.07 0.06 0.05 0.04 0.03 0.02 0.01
0.2 0.35 0.09 0.08 0.07 0.06 0.05 0.04 0.03 0.02 0.01
0.16 0.35 0.13 0.08 0.07 0.06 0.05 0.04 0.03 0.02 0.01
0.14 0.3 0.2 0.08 0.07 0.06 0.05 0.04 0.03 0.02 0.01
0.13 0.25 0.23 0.11 0.07 0.06 0.05 0.04 0.03 0.02 0.01
0.13 0.22 0.26 0.11 0.07 0.06 0.05 0.04 0.03 0.02 0.01
0.12 0.22 0.21 0.17 0.07 0.06 0.05 0.04 0.03 0.02 0.01
0.13 0.2 0.22 0.17 0.07 0.06 0.05 0.04 0.03 0.02 0.01
0.13 0.19 0.21 0.17 0.09 0.06 0.05 0.04 0.03 0.02 0.01
0.07 0.08 0.1 0.42 0.12 0.06 0.05 0.04 0.03 0.02 0.01
0.45 0.1 0.09 0.08 0.07 0.06 0.05 0.04 0.03 0.02 0.01
0.35 0.2 0.09 0.08 0.07 0.06 0.05 0.04 0.03 0.02 0.01
0.2 0.35 0.09 0.08 0.07 0.06 0.05 0.04 0.03 0.02 0.01
0.16 0.35 0.13 0.08 0.07 0.06 0.05 0.04 0.03 0.02 0.01
0.14 0.3 0.2 0.08 0.07 0.06 0.05 0.04 0.03 0.02 0.01
0.13 0.25 0.23 0.11 0.07 0.06 0.05 0.04 0.03 0.02 0.01
0.13 0.22 0.26 0.11 0.07 0.06 0.05 0.04 0.03 0.02 0.01
0.12 0.22 0.21 0.17 0.07 0.06 0.05 0.04 0.03 0.02 0.01
0.13 0.2 0.22 0.17 0.07 0.06 0.05 0.04 0.03 0.02 0.01
0.13 0.19 0.21 0.17 0.09 0.06 0.05 0.04 0.03 0.02 0.01
0.07 0.08 0.1 0.42 0.12 0.06 0.05 0.04 0.03 0.02 0.01
0.07 0.08 0.09 0.43 0.12 0.06 0.05 0.04 0.03 0.02 0.01
0.07 0.08 0.09 0.43 0.12 0.06 0.05 0.04 0.03 0.02 0.01
0.07 0.08 0.09 0.43 0.12 0.06 0.05 0.04 0.03 0.02 0.01
0.07 0.08 0.09 0.43 0.12 0.06 0.05 0.04 0.03 0.02 0.01
0.07 0.08 0.09 0.43 0.12 0.06 0.05 0.04 0.03 0.02 0.01
0.07 0.08 0.09 0.43 0.12 0.06 0.05 0.04 0.03 0.02 0.01
0.07 0.08 0.09 0.43 0.12 0.06 0.05 0.04 0.03 0.02 0.01
0.07 0.08 0.09 0.43 0.12 0.06 0.05 0.04 0.03 0.02 0.01
0.07 0.08 0.1 0.42 0.12 0.06 0.05 0.04 0.03 0.02 0.01
0.07 0.08 0.1 0.42 0.12 0.06 0.05 0.04 0.03 0.02 0.01
0.13 0.2 0.22 0.17 0.07 0.06 0.05 0.04 0.03 0.02 0.01