0.09 0.38 0.46 0.04 0.02 0.01
0.08 0.34 0.45 0.1 0.02 0.01
0.09 0.3 0.46 0.12 0.02 0.01
0.11 0.27 0.47 0.12 0.02 0.01
0.12 0.31 0.43 0.11 0.02 0.01
0.14 0.32 0.4 0.11 0.02 0.01
0.16 0.32 0.38 0.11 0.02 0.01
0.17 0.31 0.38 0.11 0.02 0.01
0.18 0.35 0.33 0.11 0.02 0.01
0.2 0.32 0.36 0.09 0.02 0.01
0.05 0.22 0.58 0.12 0.02 0.01
0.03 0.57 0.32 0.05 0.02 0.01
0.03 0.48 0.38 0.08 0.02 0.01
0.03 0.42 0.45 0.07 0.02 0.01
0.03 0.4 0.42 0.12 0.02 0.01
0.03 0.35 0.5 0.09 0.02 0.01
0.03 0.34 0.48 0.12 0.02 0.01
0.03 0.3 0.55 0.09 0.02 0.01
0.03 0.3 0.52 0.12 0.02 0.01
0.03 0.29 0.54 0.11 0.02 0.01
0.03 0.29 0.53 0.12 0.02 0.01
0.17 0.09 0.59 0.12 0.02 0.01
0.06 0.03 0.77 0.11 0.02 0.01
0.04 0.03 0.83 0.07 0.02 0.01
0.06 0.04 0.77 0.1 0.02 0.01
0.07 0.04 0.75 0.11 0.02 0.01
0.08 0.05 0.73 0.11 0.02 0.01
0.11 0.06 0.7 0.1 0.02 0.01
0.11 0.07 0.7 0.09 0.02 0.01
0.11 0.07 0.7 0.09 0.02 0.01
0.11 0.07 0.7 0.09 0.02 0.01
0.11 0.07 0.69 0.1 0.02 0.01
0.06 0.36 0.43 0.12 0.02 0.01
0.08 0.35 0.42 0.12 0.02 0.01
0.09 0.3 0.46 0.12 0.02 0.01
0.11 0.28 0.46 0.12 0.02 0.01
0.12 0.31 0.43 0.11 0.02 0.01
0.14 0.33 0.38 0.12 0.02 0.01
0.16 0.33 0.36 0.12 0.02 0.01
0.17 0.32 0.36 0.12 0.02 0.01
0.19 0.3 0.36 0.12 0.02 0.01
0.2 0.34 0.31 0.12 0.02 0.01
0.21 0.31 0.33 0.12 0.02 0.01
0.04 0.23 0.58 0.12 0.02 0.01
0.08 0.34 0.45 0.1 0.02 0.01
0.09 0.3 0.47 0.11 0.02 0.01
0.11 0.27 0.47 0.12 0.02 0.01
0.12 0.31 0.44 0.1 0.02 0.01
0.14 0.32 0.4 0.11 0.02 0.01
0.16 0.32 0.38 0.11 0.02 0.01
0.17 0.31 0.38 0.11 0.02 0.01
0.19 0.3 0.36 0.12 0.02 0.01
0.2 0.32 0.36 0.09 0.02 0.01
0.21 0.31 0.33 0.12 0.02 0.01
0.05 0.22 0.58 0.12 0.02 0.01
0.08 0.34 0.45 0.1 0.02 0.01
0.09 0.3 0.47 0.11 0.02 0.01
0.11 0.27 0.47 0.12 0.02 0.01
0.12 0.31 0.43 0.11 0.02 0.01
0.14 0.32 0.4 0.11 0.02 0.01
0.16 0.32 0.38 0.11 0.02 0.01
0.17 0.31 0.38 0.11 0.02 0.01
0.19 0.29 0.38 0.11 0.02 0.01
0.2 0.32 0.36 0.09 0.02 0.01
0.21 0.3 0.35 0.11 0.02 0.01
0.05 0.22 0.58 0.12 0.02 0.01
0.08 0.34 0.45 0.1 0.02 0.01
0.09 0.3 0.46 0.12 0.02 0.01
0.11 0.27 0.47 0.12 0.02 0.01
0.12 0.31 0.43 0.11 0.02 0.01
0.14 0.32 0.4 0.11 0.02 0.01
0.16 0.32 0.38 0.11 0.02 0.01
0.17 0.31 0.38 0.11 0.02 0.01
0.18 0.35 0.33 0.11 0.02 0.01
0.2 0.32 0.36 0.09 0.02 0.01
0.22 0.31 0.32 0.12 0.02 0.01
0.05 0.22 0.58 0.12 0.02 0.01
0.08 0.34 0.45 0.1 0.02 0.01
0.09 0.3 0.46 0.12 0.02 0.01
0.11 0.27 0.47 0.12 0.02 0.01
0.12 0.31 0.43 0.11 0.02 0.01
0.14 0.32 0.4 0.11 0.02 0.01
0.16 0.32 0.38 0.11 0.02 0.01
0.17 0.31 0.38 0.11 0.02 0.01
0.18 0.35 0.33 0.11 0.02 0.01
0.2 0.32 0.36 0.09 0.02 0.01
0.22 0.31 0.32 0.12 0.02 0.01
0.05 0.22 0.58 0.12 0.02 0.01
0.08 0.34 0.45 0.1 0.02 0.01
0.09 0.3 0.46 0.12 0.02 0.01
0.11 0.27 0.47 0.12 0.02 0.01
0.12 0.31 0.43 0.11 0.02 0.01
0.14 0.32 0.4 0.11 0.02 0.01
0.16 0.32 0.38 0.11 0.02 0.01
0.17 0.31 0.38 0.11 0.02 0.01
0.18 0.35 0.33 0.11 0.02 0.01
0.2 0.32 0.36 0.09 0.02 0.01
0.22 0.31 0.32 0.12 0.02 0.01
0.05 0.22 0.58 0.12 0.02 0.01
0.08 0.34 0.45 0.1 0.02 0.01
0.09 0.3 0.46 0.12 0.02 0.01
0.11 0.27 0.47 0.12 0.02 0.01
0.12 0.31 0.43 0.11 0.02 0.01
0.14 0.32 0.4 0.11 0.02 0.01
0.16 0.32 0.38 0.11 0.02 0.01
0.17 0.31 0.38 0.11 0.02 0.01
0.18 0.35 0.33 0.11 0.02 0.01
0.2 0.32 0.36 0.09 0.02 0.01
0.22 0.31 0.32 0.12 0.02 0.01
0.05 0.22 0.58 0.12 0.02 0.01
0.08 0.34 0.45 0.1 0.02 0.01
0.09 0.3 0.46 0.12 0.02 0.01
0.11 0.27 0.47 0.12 0.02 0.01
0.12 0.31 0.43 0.11 0.02 0.01
0.14 0.32 0.4 0.11 0.02 0.01
0.16 0.32 0.38 0.11 0.02 0.01
0.17 0.31 0.38 0.11 0.02 0.01
0.18 0.35 0.33 0.11 0.02 0.01
0.2 0.32 0.36 0.09 0.02 0.01
0.22 0.31 0.32 0.12 0.02 0.01
0.05 0.22 0.58 0.12 0.02 0.01
0.08 0.34 0.45 0.1 0.02 0.01
0.09 0.3 0.46 0.12 0.02 0.01
0.11 0.27 0.47 0.12 0.02 0.01
0.12 0.31 0.43 0.11 0.02 0.01
0.14 0.32 0.4 0.11 0.02 0.01
0.16 0.32 0.38 0.11 0.02 0.01
0.17 0.31 0.38 0.11 0.02 0.01
0.18 0.35 0.33 0.11 0.02 0.01
0.2 0.32 0.36 0.09 0.02 0.01
0.22 0.31 0.32 0.12 0.02 0.01
0.05 0.22 0.58 0.12 0.02 0.01
0.08 0.04 0.8 0.05 0.02 0.01
0.08 0.1 0.68 0.11 0.02 0.01
0.09 0.13 0.64 0.11 0.02 0.01
0.11 0.16 0.58 0.12 0.02 0.01
0.12 0.14 0.6 0.11 0.02 0.01
0.14 0.15 0.57 0.11 0.02 0.01
0.16 0.15 0.54 0.12 0.02 0.01
0.17 0.16 0.52 0.12 0.02 0.01
0.19 0.18 0.48 0.12 0.02 0.01
0.2 0.15 0.5 0.12 0.02 0.01
0.05 0.31 0.49 0.12 0.02 0.01
0.1 0.41 0.34 0.12 0.02 0.01
0.08 0.32 0.45 0.12 0.02 0.01
0.09 0.27 0.49 0.12 0.02 0.01
0.11 0.22 0.52 0.12 0.02 0.01
0.12 0.29 0.45 0.11 0.02 0.01
0.14 0.3 0.41 0.12 0.02 0.01
0.16 0.3 0.39 0.12 0.02 0.01
0.17 0.29 0.39 0.12 0.02 0.01
0.19 0.26 0.4 0.12 0.02 0.01
0.2 0.32 0.33 0.12 0.02 0.01
0.05 0.23 0.57 0.12 0.02 0.01
0.1 0.39 0.44 0.04 0.02 0.01
0.08 0.32 0.46 0.11 0.02 0.01
0.09 0.27 0.49 0.12 0.02 0.01
0.1 0.34 0.42 0.11 0.02 0.01
0.12 0.28 0.46 0.11 0.02 0.01
0.14 0.3 0.41 0.12 0.02 0.01
0.16 0.29 0.41 0.11 0.02 0.01
0.17 0.28 0.4 0.12 0.02 0.01
0.19 0.24 0.42 0.12 0.02 0.01
0.2 0.31 0.34 0.12 0.02 0.01
0.05 0.22 0.58 0.12 0.02 0.01
0.1 0.39 0.44 0.04 0.02 0.01
0.08 0.32 0.45 0.12 0.02 0.01
0.09 0.27 0.49 0.12 0.02 0.01
0.1 0.34 0.42 0.11 0.02 0.01
0.12 0.28 0.46 0.11 0.02 0.01
0.14 0.3 0.41 0.12 0.02 0.01
0.16 0.29 0.41 0.11 0.02 0.01
0.17 0.28 0.4 0.12 0.02 0.01
0.18 0.33 0.35 0.11 0.02 0.01
0.2 0.31 0.34 0.12 0.02 0.01
0.05 0.22 0.58 0.12 0.02 0.01
0.1 0.39 0.44 0.04 0.02 0.01
0.08 0.32 0.45 0.12 0.02 0.01
0.09 0.27 0.49 0.12 0.02 0.01
0.1 0.34 0.42 0.11 0.02 0.01
0.12 0.28 0.46 0.11 0.02 0.01
0.14 0.3 0.41 0.12 0.02 0.01
0.16 0.29 0.4 0.12 0.02 0.01
0.17 0.28 0.4 0.12 0.02 0.01
0.18 0.33 0.35 0.11 0.02 0.01
0.2 0.31 0.34 0.12 0.02 0.01
0.05 0.22 0.58 0.12 0.02 0.01
0.1 0.39 0.44 0.04 0.02 0.01
0.08 0.32 0.45 0.12 0.02 0.01
0.09 0.27 0.49 0.12 0.02 0.01
0.1 0.34 0.42 0.11 0.02 0.01
0.12 0.28 0.46 0.11 0.02 0.01
0.14 0.3 0.41 0.12 0.02 0.01
0.16 0.29 0.4 0.12 0.02 0.01
0.17 0.28 0.4 0.12 0.02 0.01
0.18 0.33 0.35 0.11 0.02 0.01
0.2 0.31 0.34 0.12 0.02 0.01
0.05 0.22 0.58 0.12 0.02 0.01
0.1 0.39 0.44 0.04 0.02 0.01
0.08 0.32 0.45 0.12 0.02 0.01
0.09 0.27 0.49 0.12 0.02 0.01
0.1 0.34 0.42 0.11 0.02 0.01
0.12 0.28 0.46 0.11 0.02 0.01
0.14 0.3 0.41 0.12 0.02 0.01
0.16 0.29 0.4 0.12 0.02 0.01
0.17 0.28 0.4 0.12 0.02 0.01
0.18 0.33 0.35 0.11 0.02 0.01
0.2 0.31 0.34 0.12 0.02 0.01
0.05 0.22 0.58 0.12 0.02 0.01
0.1 0.39 0.44 0.04 0.02 0.01
0.08 0.32 0.45 0.12 0.02 0.01
0.09 0.27 0.49 0.12 0.02 0.01
0.1 0.34 0.42 0.11 0.02 0.01
0.12 0.28 0.46 0.11 0.02 0.01
0.14 0.3 0.41 0.12 0.02 0.01
0.16 0.29 0.4 0.12 0.02 0.01
0.17 0.28 0.4 0.12 0.02 0.01
0.18 0.33 0.35 0.11 0.02 0.01
0.2 0.31 0.34 0.12 0.02 0.01
0.05 0.22 0.58 0.12 0.02 0.01
0.1 0.39 0.44 0.04 0.02 0.01
0.08 0.32 0.45 0.12 0.02 0.01
0.09 0.27 0.49 0.12 0.02 0.01
0.1 0.34 0.42 0.11 0.02 0.01
0.12 0.28 0.46 0.11 0.02 0.01
0.14 0.3 0.41 0.12 0.02 0.01
0.16 0.29 0.4 0.12 0.02 0.01
0.17 0.28 0.4 0.12 0.02 0.01
0.18 0.33 0.35 0.11 0.02 0.01
0.2 0.31 0.34 0.12 0.02 0.01
0.05 0.22 0.58 0.12 0.02 0.01
0.1 0.39 0.44 0.04 0.02 0.01
0.08 0.32 0.45 0.12 0.02 0.01
0.09 0.27 0.49 0.12 0.02 0.01
0.1 0.34 0.42 0.11 0.02 0.01
0.12 0.28 0.46 0.11 0.02 0.01
0.14 0.3 0.41 0.12 0.02 0.01
0.16 0.29 0.4 0.12 0.02 0.01
0.17 0.28 0.4 0.12 0.02 0.01
0.18 0.33 0.35 0.11 0.02 0.01
0.2 0.31 0.34 0.12 0.02 0.01
0.05 0.22 0.58 0.12 0.02 0.01
0.08 0.55 0.22 0.12 0.02 0.01
0.08 0.34 0.43 0.12 0.02 0.01
0.08 0.38 0.39 0.12 0.02 0.01
0.1 0.35 0.4 0.12 0.02 0.01
0.11 0.37 0.39 0.1 0.02 0.01
0.13 0.38 0.34 0.12 0.02 0.01
0.15 0.37 0.33 0.12 0.02 0.01
0.16 0.36 0.33 0.12 0.02 0.01
0.18 0.35 0.32 0.12 0.02 0.01
0.19 0.37 0.29 0.12 0.02 0.01
0.05 0.22 0.58 0.12 0.02 0.01
0.08 0.54 0.32 0.03 0.02 0.01
0.08 0.34 0.43 0.12 0.02 0.01
0.08 0.38 0.41 0.1 0.02 0.01
0.1 0.35 0.41 0.11 0.02 0.01
0.11 0.36 0.42 0.08 0.02 0.01
0.13 0.37 0.36 0.11 0.02 0.01
0.15 0.37 0.34 0.11 0.02 0.01
0.16 0.36 0.33 0.12 0.02 0.01
0.17 0.39 0.29 0.12 0.02 0.01
0.19 0.37 0.3 0.11 0.02 0.01
0.05 0.22 0.58 0.12 0.02 0.01
0.08 0.54 0.32 0.03 0.02 0.01
0.08 0.34 0.43 0.12 0.02 0.01
0.08 0.38 0.41 0.1 0.02 0.01
0.1 0.35 0.41 0.11 0.02 0.01
0.11 0.36 0.42 0.08 0.02 0.01
0.13 0.37 0.36 0.11 0.02 0.01
0.15 0.37 0.34 0.11 0.02 0.01
0.16 0.36 0.33 0.12 0.02 0.01
0.17 0.39 0.29 0.12 0.02 0.01
0.19 0.37 0.3 0.11 0.02 0.01
0.05 0.22 0.58 0.12 0.02 0.01
0.08 0.54 0.32 0.03 0.02 0.01
0.08 0.34 0.43 0.12 0.02 0.01
0.08 0.38 0.4 0.11 0.02 0.01
0.1 0.35 0.41 0.11 0.02 0.01
0.12 0.36 0.41 0.08 0.02 0.01
0.13 0.37 0.36 0.11 0.02 0.01
0.15 0.37 0.34 0.11 0.02 0.01
0.16 0.36 0.33 0.12 0.02 0.01
0.17 0.38 0.33 0.09 0.02 0.01
0.19 0.37 0.29 0.12 0.02 0.01
0.05 0.22 0.58 0.12 0.02 0.01
0.08 0.54 0.32 0.03 0.02 0.01
0.08 0.34 0.43 0.12 0.02 0.01
0.08 0.38 0.4 0.11 0.02 0.01
0.1 0.35 0.41 0.11 0.02 0.01
0.12 0.36 0.41 0.08 0.02 0.01
0.13 0.37 0.36 0.11 0.02 0.01
0.15 0.37 0.34 0.11 0.02 0.01
0.16 0.36 0.33 0.12 0.02 0.01
0.17 0.38 0.33 0.09 0.02 0.01
0.19 0.37 0.29 0.12 0.02 0.01
0.05 0.22 0.58 0.12 0.02 0.01
0.08 0.54 0.32 0.03 0.02 0.01
0.08 0.34 0.43 0.12 0.02 0.01
0.08 0.38 0.4 0.11 0.02 0.01
0.1 0.35 0.41 0.11 0.02 0.01
0.12 0.36 0.41 0.08 0.02 0.01
0.13 0.37 0.36 0.11 0.02 0.01
0.15 0.37 0.34 0.11 0.02 0.01
0.16 0.36 0.33 0.12 0.02 0.01
0.17 0.38 0.33 0.09 0.02 0.01
0.19 0.37 0.29 0.12 0.02 0.01
0.05 0.22 0.58 0.12 0.02 0.01
0.08 0.54 0.32 0.03 0.02 0.01
0.08 0.34 0.43 0.12 0.02 0.01
0.08 0.38 0.4 0.11 0.02 0.01
0.1 0.35 0.41 0.11 0.02 0.01
0.12 0.36 0.41 0.08 0.02 0.01
0.13 0.37 0.36 0.11 0.02 0.01
0.15 0.37 0.34 0.11 0.02 0.01
0.16 0.36 0.33 0.12 0.02 0.01
0.17 0.38 0.33 0.09 0.02 0.01
0.19 0.37 0.29 0.12 0.02 0.01
0.05 0.22 0.58 0.12 0.02 0.01
0.08 0.54 0.32 0.03 0.02 0.01
0.08 0.34 0.43 0.12 0.02 0.01
0.08 0.38 0.4 0.11 0.02 0.01
0.1 0.35 0.41 0.11 0.02 0.01
0.12 0.36 0.41 0.08 0.02 0.01
0.13 0.37 0.36 0.11 0.02 0.01
0.15 0.37 0.34 0.11 0.02 0.01
0.16 0.36 0.33 0.12 0.02 0.01
0.17 0.38 0.33 0.09 0.02 0.01
0.19 0.37 0.29 0.12 0.02 0.01
0.05 0.22 0.58 0.12 0.02 0.01
0.08 0.54 0.32 0.03 0.02 0.01
0.08 0.34 0.43 0.12 0.02 0.01
0.08 0.38 0.4 0.11 0.02 0.01
0.1 0.35 0.41 0.11 0.02 0.01
0.12 0.36 0.41 0.08 0.02 0.01
0.13 0.37 0.36 0.11 0.02 0.01
0.15 0.37 0.34 0.11 0.02 0.01
0.16 0.36 0.33 0.12 0.02 0.01
0.17 0.38 0.33 0.09 0.02 0.01
0.19 0.37 0.29 0.12 0.02 0.01
0.05 0.22 0.58 0.12 0.02 0.01
0.08 0.54 0.32 0.03 0.02 0.01
0.08 0.34 0.43 0.12 0.02 0.01
0.08 0.38 0.4 0.11 0.02 0.01
0.1 0.35 0.41 0.11 0.02 0.01
0.12 0.36 0.41 0.08 0.02 0.01
0.13 0.37 0.36 0.11 0.02 0.01
0.15 0.37 0.34 0.11 0.02 0.01
0.16 0.36 0.33 0.12 0.02 0.01
0.17 0.38 0.33 0.09 0.02 0.01
0.19 0.37 0.29 0.12 0.02 0.01
0.05 0.22 0.58 0.12 0.02 0.01
0.09 0.38 0.46 0.04 0.02 0.01
0.08 0.31 0.55 0.03 0.02 0.01
0.09 0.29 0.49 0.1 0.02 0.01
0.11 0.27 0.47 0.12 0.02 0.01
0.13 0.29 0.46 0.09 0.02 0.01
0.14 0.31 0.43 0.09 0.02 0.01
0.16 0.31 0.4 0.1 0.02 0.01
0.17 0.3 0.4 0.1 0.02 0.01
0.18 0.32 0.41 0.06 0.02 0.01
0.19 0.34 0.4 0.04 0.02 0.01
0.05 0.22 0.58 0.12 0.02 0.01
0.09 0.38 0.46 0.04 0.02 0.01
0.08 0.31 0.55 0.03 0.02 0.01
0.09 0.29 0.49 0.1 0.02 0.01
0.11 0.27 0.47 0.12 0.02 0.01
0.13 0.29 0.46 0.09 0.02 0.01
0.14 0.32 0.4 0.11 0.02 0.01
0.16 0.31 0.4 0.1 0.02 0.01
0.17 0.3 0.4 0.1 0.02 0.01
0.18 0.32 0.41 0.06 0.02 0.01
0.19 0.34 0.4 0.04 0.02 0.01
0.05 0.22 0.58 0.12 0.02 0.01
0.09 0.38 0.46 0.04 0.02 0.01
0.08 0.31 0.55 0.03 0.02 0.01
0.09 0.29 0.49 0.1 0.02 0.01
0.11 0.27 0.47 0.12 0.02 0.01
0.13 0.3 0.43 0.11 0.02 0.01
0.14 0.32 0.4 0.11 0.02 0.01
0.16 0.31 0.4 0.1 0.02 0.01
0.17 0.3 0.4 0.1 0.02 0.01
0.18 0.32 0.41 0.06 0.02 0.01
0.19 0.34 0.4 0.04 0.02 0.01
0.05 0.22 0.58 0.12 0.02 0.01
0.09 0.38 0.46 0.04 0.02 0.01
0.08 0.31 0.55 0.03 0.02 0.01
0.09 0.29 0.49 0.1 0.02 0.01
0.11 0.27 0.47 0.12 0.02 0.01
0.13 0.3 0.43 0.11 0.02 0.01
0.14 0.32 0.4 0.11 0.02 0.01
0.16 0.31 0.4 0.1 0.02 0.01
0.17 0.3 0.4 0.1 0.02 0.01
0.18 0.32 0.41 0.06 0.02 0.01
0.19 0.34 0.4 0.04 0.02 0.01
0.05 0.22 0.58 0.12 0.02 0.01
0.09 0.38 0.46 0.04 0.02 0.01
0.08 0.31 0.55 0.03 0.02 0.01
0.09 0.29 0.49 0.1 0.02 0.01
0.11 0.27 0.47 0.12 0.02 0.01
0.13 0.3 0.43 0.11 0.02 0.01
0.14 0.32 0.4 0.11 0.02 0.01
0.16 0.31 0.4 0.1 0.02 0.01
0.17 0.3 0.4 0.1 0.02 0.01
0.18 0.32 0.41 0.06 0.02 0.01
0.19 0.34 0.4 0.04 0.02 0.01
0.05 0.22 0.58 0.12 0.02 0.01
0.09 0.38 0.46 0.04 0.02 0.01
0.08 0.31 0.55 0.03 0.02 0.01
0.09 0.29 0.49 0.1 0.02 0.01
0.11 0.27 0.47 0.12 0.02 0.01
0.13 0.3 0.43 0.11 0.02 0.01
0.14 0.32 0.4 0.11 0.02 0.01
0.16 0.31 0.4 0.1 0.02 0.01
0.17 0.3 0.4 0.1 0.02 0.01
0.18 0.32 0.41 0.06 0.02 0.01
0.19 0.34 0.4 0.04 0.02 0.01
0.05 0.22 0.58 0.12 0.02 0.01
0.09 0.38 0.46 0.04 0.02 0.01
0.08 0.31 0.55 0.03 0.02 0.01
0.09 0.29 0.49 0.1 0.02 0.01
0.11 0.27 0.47 0.12 0.02 0.01
0.13 0.3 0.43 0.11 0.02 0.01
0.14 0.32 0.4 0.11 0.02 0.01
0.16 0.31 0.4 0.1 0.02 0.01
0.17 0.3 0.4 0.1 0.02 0.01
0.18 0.32 0.41 0.06 0.02 0.01
0.19 0.34 0.4 0.04 0.02 0.01
0.05 0.22 0.58 0.12 0.02 0.01
0.09 0.38 0.46 0.04 0.02 0.01
0.08 0.31 0.55 0.03 0.02 0.01
0.09 0.29 0.49 0.1 0.02 0.01
0.11 0.27 0.47 0.12 0.02 0.01
0.13 0.3 0.43 0.11 0.02 0.01
0.14 0.32 0.4 0.11 0.02 0.01
0.16 0.31 0.4 0.1 0.02 0.01
0.17 0.3 0.4 0.1 0.02 0.01
0.18 0.32 0.41 0.06 0.02 0.01
0.19 0.34 0.4 0.04 0.02 0.01
0.05 0.22 0.58 0.12 0.02 0.01
0.09 0.38 0.46 0.04 0.02 0.01
0.08 0.34 0.45 0.1 0.02 0.01
0.09 0.3 0.46 0.12 0.02 0.01
0.11 0.27 0.47 0.12 0.02 0.01
0.12 0.31 0.43 0.11 0.02 0.01
0.14 0.32 0.4 0.11 0.02 0.01
0.16 0.32 0.38 0.11 0.02 0.01
0.17 0.31 0.38 0.11 0.02 0.01
0.18 0.35 0.33 0.11 0.02 0.01
0.2 0.33 0.32 0.12 0.02 0.01
0.05 0.22 0.58 0.12 0.02 0.01
0.09 0.38 0.46 0.04 0.02 0.01
0.08 0.34 0.45 0.1 0.02 0.01
0.09 0.3 0.46 0.12 0.02 0.01
0.11 0.27 0.47 0.12 0.02 0.01
0.12 0.31 0.43 0.11 0.02 0.01
0.14 0.32 0.4 0.11 0.02 0.01
0.16 0.32 0.38 0.11 0.02 0.01
0.17 0.31 0.38 0.11 0.02 0.01
0.18 0.35 0.33 0.11 0.02 0.01
0.2 0.33 0.32 0.12 0.02 0.01
0.05 0.22 0.58 0.12 0.02 0.01
0.09 0.38 0.46 0.04 0.02 0.01
0.08 0.34 0.45 0.1 0.02 0.01
0.09 0.3 0.46 0.12 0.02 0.01
0.11 0.27 0.47 0.12 0.02 0.01
0.12 0.31 0.43 0.11 0.02 0.01
0.14 0.32 0.4 0.11 0.02 0.01
0.16 0.32 0.38 0.11 0.02 0.01
0.17 0.31 0.38 0.11 0.02 0.01
0.18 0.35 0.33 0.11 0.02 0.01
0.2 0.33 0.32 0.12 0.02 0.01
0.05 0.22 0.58 0.12 0.02 0.01
0.09 0.38 0.46 0.04 0.02 0.01
0.08 0.34 0.45 0.1 0.02 0.01
0.09 0.3 0.46 0.12 0.02 0.01
0.11 0.27 0.47 0.12 0.02 0.01
0.12 0.31 0.43 0.11 0.02 0.01
0.14 0.32 0.4 0.11 0.02 0.01
0.16 0.32 0.38 0.11 0.02 0.01
0.17 0.31 0.38 0.11 0.02 0.01
0.18 0.35 0.33 0.11 0.02 0.01
0.2 0.33 0.32 0.12 0.02 0.01
0.05 0.22 0.58 0.12 0.02 0.01
0.09 0.38 0.46 0.04 0.02 0.01
0.08 0.34 0.45 0.1 0.02 0.01
0.09 0.3 0.46 0.12 0.02 0.01
0.11 0.27 0.47 0.12 0.02 0.01
0.12 0.31 0.43 0.11 0.02 0.01
0.14 0.32 0.4 0.11 0.02 0.01
0.16 0.32 0.38 0.11 0.02 0.01
0.17 0.31 0.38 0.11 0.02 0.01
0.18 0.35 0.33 0.11 0.02 0.01
0.2 0.33 0.32 0.12 0.02 0.01
0.05 0.22 0.58 0.12 0.02 0.01
0.09 0.38 0.46 0.04 0.02 0.01
0.08 0.34 0.45 0.1 0.02 0.01
0.09 0.3 0.46 0.12 0.02 0.01
0.11 0.27 0.47 0.12 0.02 0.01
0.12 0.31 0.43 0.11 0.02 0.01
0.14 0.32 0.4 0.11 0.02 0.01
0.16 0.32 0.38 0.11 0.02 0.01
0.17 0.31 0.38 0.11 0.02 0.01
0.18 0.35 0.33 0.11 0.02 0.01
0.2 0.33 0.32 0.12 0.02 0.01
0.05 0.22 0.58 0.12 0.02 0.01
0.09 0.38 0.46 0.04 0.02 0.01
0.08 0.34 0.45 0.1 0.02 0.01
0.09 0.3 0.46 0.12 0.02 0.01
0.11 0.27 0.47 0.12 0.02 0.01
0.12 0.31 0.43 0.11 0.02 0.01
0.14 0.32 0.4 0.11 0.02 0.01
0.16 0.32 0.38 0.11 0.02 0.01
0.17 0.31 0.38 0.11 0.02 0.01
0.18 0.35 0.33 0.11 0.02 0.01
0.2 0.32 0.36 0.09 0.02 0.01
0.05 0.22 0.58 0.12 0.02 0.01
0.09 0.38 0.46 0.04 0.02 0.01
0.08 0.34 0.45 0.1 0.02 0.01
0.09 0.3 0.46 0.12 0.02 0.01
0.11 0.27 0.47 0.12 0.02 0.01
0.12 0.31 0.43 0.11 0.02 0.01
0.14 0.32 0.4 0.11 0.02 0.01
0.16 0.32 0.38 0.11 0.02 0.01
0.17 0.31 0.38 0.11 0.02 0.01
0.18 0.35 0.33 0.11 0.02 0.01
0.2 0.32 0.36 0.09 0.02 0.01
0.05 0.22 0.58 0.12 0.02 0.01
0.09 0.38 0.46 0.04 0.02 0.01
0.08 0.34 0.45 0.1 0.02 0.01
0.09 0.3 0.46 0.12 0.02 0.01
0.11 0.27 0.47 0.12 0.02 0.01
0.12 0.31 0.43 0.11 0.02 0.01
0.14 0.32 0.4 0.11 0.02 0.01
0.16 0.32 0.38 0.11 0.02 0.01
0.17 0.31 0.38 0.11 0.02 0.01
0.18 0.35 0.33 0.11 0.02 0.01
0.2 0.32 0.36 0.09 0.02 0.01
0.05 0.22 0.58 0.12 0.02 0.01
0.09 0.38 0.46 0.04 0.02 0.01
0.08 0.34 0.45 0.1 0.02 0.01
0.09 0.3 0.46 0.12 0.02 0.01
0.11 0.27 0.47 0.12 0.02 0.01
0.12 0.31 0.43 0.11 0.02 0.01
0.14 0.32 0.4 0.11 0.02 0.01
0.16 0.32 0.38 0.11 0.02 0.01
0.17 0.31 0.38 0.11 0.02 0.01
0.18 0.35 0.33 0.11 0.02 0.01
0.2 0.32 0.36 0.09 0.02 0.01
0.05 0.22 0.58 0.12 0.02 0.01
0.09 0.38 0.46 0.04 0.02 0.01
0.08 0.34 0.45 0.1 0.02 0.01
0.09 0.3 0.46 0.12 0.02 0.01
0.11 0.27 0.47 0.12 0.02 0.01
0.12 0.31 0.43 0.11 0.02 0.01
0.14 0.32 0.4 0.11 0.02 0.01
0.16 0.32 0.38 0.11 0.02 0.01
0.17 0.31 0.38 0.11 0.02 0.01
0.18 0.35 0.33 0.11 0.02 0.01
0.2 0.32 0.36 0.09 0.02 0.01
0.05 0.22 0.58 0.12 0.02 0.01
0.09 0.38 0.46 0.04 0.02 0.01
0.08 0.34 0.45 0.1 0.02 0.01
0.09 0.3 0.46 0.12 0.02 0.01
0.11 0.27 0.47 0.12 0.02 0.01
0.12 0.31 0.43 0.11 0.02 0.01
0.14 0.32 0.4 0.11 0.02 0.01
0.16 0.32 0.38 0.11 0.02 0.01
0.17 0.31 0.38 0.11 0.02 0.01
0.18 0.35 0.33 0.11 0.02 0.01
0.2 0.32 0.36 0.09 0.02 0.01
0.05 0.22 0.58 0.12 0.02 0.01
0.09 0.38 0.46 0.04 0.02 0.01
0.08 0.34 0.45 0.1 0.02 0.01
0.09 0.3 0.46 0.12 0.02 0.01
0.11 0.27 0.47 0.12 0.02 0.01
0.12 0.31 0.43 0.11 0.02 0.01
0.14 0.32 0.4 0.11 0.02 0.01
0.16 0.32 0.38 0.11 0.02 0.01
0.17 0.31 0.38 0.11 0.02 0.01
0.18 0.35 0.33 0.11 0.02 0.01
0.2 0.32 0.36 0.09 0.02 0.01
0.05 0.22 0.58 0.12 0.02 0.01
0.09 0.38 0.46 0.04 0.02 0.01
0.08 0.34 0.45 0.1 0.02 0.01
0.09 0.3 0.46 0.12 0.02 0.01
0.11 0.27 0.47 0.12 0.02 0.01
0.12 0.31 0.43 0.11 0.02 0.01
0.14 0.32 0.4 0.11 0.02 0.01
0.16 0.32 0.38 0.11 0.02 0.01
0.17 0.31 0.38 0.11 0.02 0.01
0.18 0.35 0.33 0.11 0.02 0.01
0.2 0.32 0.36 0.09 0.02 0.01
0.05 0.22 0.58 0.12 0.02 0.01
0.09 0.38 0.46 0.04 0.02 0.01
0.08 0.34 0.45 0.1 0.02 0.01
0.09 0.3 0.46 0.12 0.02 0.01
0.11 0.27 0.47 0.12 0.02 0.01
0.12 0.31 0.43 0.11 0.02 0.01
0.14 0.32 0.4 0.11 0.02 0.01
0.16 0.32 0.38 0.11 0.02 0.01
0.17 0.31 0.38 0.11 0.02 0.01
0.18 0.35 0.33 0.11 0.02 0.01
0.2 0.32 0.36 0.09 0.02 0.01
0.05 0.22 0.58 0.12 0.02 0.01
0.09 0.38 0.46 0.04 0.02 0.01
0.08 0.34 0.45 0.1 0.02 0.01
0.09 0.3 0.46 0.12 0.02 0.01
0.11 0.27 0.47 0.12 0.02 0.01
0.12 0.31 0.43 0.11 0.02 0.01
0.14 0.32 0.4 0.11 0.02 0.01
0.16 0.32 0.38 0.11 0.02 0.01
0.17 0.31 0.38 0.11 0.02 0.01
0.18 0.35 0.33 0.11 0.02 0.01
0.2 0.32 0.36 0.09 0.02 0.01
0.05 0.22 0.58 0.12 0.02 0.01
0.09 0.38 0.46 0.04 0.02 0.01
0.08 0.34 0.45 0.1 0.02 0.01
0.09 0.3 0.46 0.12 0.02 0.01
0.11 0.27 0.47 0.12 0.02 0.01
0.12 0.31 0.43 0.11 0.02 0.01
0.14 0.32 0.4 0.11 0.02 0.01
0.16 0.32 0.38 0.11 0.02 0.01
0.17 0.31 0.38 0.11 0.02 0.01
0.18 0.35 0.33 0.11 0.02 0.01
0.2 0.32 0.36 0.09 0.02 0.01
0.05 0.22 0.58 0.12 0.02 0.01
0.09 0.38 0.46 0.04 0.02 0.01
0.08 0.34 0.45 0.1 0.02 0.01
0.09 0.3 0.46 0.12 0.02 0.01
0.11 0.27 0.47 0.12 0.02 0.01
0.12 0.31 0.43 0.11 0.02 0.01
0.14 0.32 0.4 0.11 0.02 0.01
0.16 0.32 0.38 0.11 0.02 0.01
0.17 0.31 0.38 0.11 0.02 0.01
0.18 0.35 0.33 0.11 0.02 0.01
0.2 0.32 0.36 0.09 0.02 0.01
0.05 0.22 0.58 0.12 0.02 0.01
0.09 0.38 0.46 0.04 0.02 0.01
0.08 0.34 0.45 0.1 0.02 0.01
0.09 0.3 0.46 0.12 0.02 0.01
0.11 0.27 0.47 0.12 0.02 0.01
0.12 0.31 0.43 0.11 0.02 0.01
0.14 0.32 0.4 0.11 0.02 0.01
0.16 0.32 0.38 0.11 0.02 0.01
0.17 0.31 0.38 0.11 0.02 0.01
0.18 0.35 0.33 0.11 0.02 0.01
0.2 0.32 0.36 0.09 0.02 0.01
0.05 0.22 0.58 0.12 0.02 0.01
0.09 0.38 0.46 0.04 0.02 0.01
0.08 0.34 0.45 0.1 0.02 0.01
0.09 0.3 0.46 0.12 0.02 0.01
0.11 0.27 0.47 0.12 0.02 0.01
0.12 0.31 0.43 0.11 0.02 0.01
0.14 0.32 0.4 0.11 0.02 0.01
0.16 0.32 0.38 0.11 0.02 0.01
0.17 0.31 0.38 0.11 0.02 0.01
0.18 0.35 0.33 0.11 0.02 0.01
0.2 0.32 0.36 0.09 0.02 0.01
0.05 0.22 0.58 0.12 0.02 0.01
0.09 0.38 0.46 0.04 0.02 0.01
0.08 0.34 0.45 0.1 0.02 0.01
0.09 0.3 0.46 0.12 0.02 0.01
0.11 0.27 0.47 0.12 0.02 0.01
0.12 0.31 0.43 0.11 0.02 0.01
0.14 0.32 0.4 0.11 0.02 0.01
0.16 0.32 0.38 0.11 0.02 0.01
0.17 0.31 0.38 0.11 0.02 0.01
0.18 0.35 0.33 0.11 0.02 0.01
0.2 0.32 0.36 0.09 0.02 0.01
0.05 0.22 0.58 0.12 0.02 0.01
0.03 0.16 0.67 0.11 0.02 0.01
0.03 0.18 0.65 0.11 0.02 0.01
0.03 0.2 0.63 0.11 0.02 0.01
0.04 0.18 0.64 0.11 0.02 0.01
0.04 0.2 0.62 0.11 0.02 0.01
0.04 0.21 0.61 0.11 0.02 0.01
0.05 0.2 0.61 0.11 0.02 0.01
0.05 0.22 0.58 0.12 0.02 0.01
0.05 0.22 0.58 0.12 0.02 0.01
0.05 0.22 0.58 0.12 0.02 0.01
0.18 0.35 0.33 0.11 0.02 0.01