0.33 0.39 0.07 0.06 0.05 0.04 0.03 0.02 0.01
0.19 0.53 0.07 0.06 0.05 0.04 0.03 0.02 0.01
0.13 0.39 0.27 0.06 0.05 0.04 0.03 0.02 0.01
0.12 0.26 0.3 0.17 0.05 0.04 0.03 0.02 0.01
0.11 0.26 0.33 0.15 0.05 0.04 0.03 0.02 0.01
0.12 0.22 0.27 0.24 0.05 0.04 0.03 0.02 0.01
0.12 0.22 0.27 0.24 0.05 0.04 0.03 0.02 0.01
0.13 0.21 0.25 0.26 0.05 0.04 0.03 0.02 0.01
0.13 0.23 0.28 0.21 0.05 0.04 0.03 0.02 0.01
0.14 0.22 0.24 0.25 0.05 0.04 0.03 0.02 0.01
0.06 0.07 0.18 0.54 0.05 0.04 0.03 0.02 0.01
0.05 0.64 0.08 0.07 0.06 0.04 0.03 0.02 0.01
0.05 0.64 0.08 0.07 0.06 0.04 0.03 0.02 0.01
0.05 0.5 0.22 0.07 0.06 0.04 0.03 0.02 0.01
0.05 0.39 0.33 0.07 0.06 0.04 0.03 0.02 0.01
0.05 0.31 0.39 0.09 0.06 0.04 0.03 0.02 0.01
0.05 0.29 0.4 0.1 0.06 0.04 0.03 0.02 0.01
0.05 0.24 0.45 0.1 0.06 0.04 0.03 0.02 0.01
0.05 0.24 0.45 0.1 0.06 0.04 0.03 0.02 0.01
0.06 0.28 0.3 0.21 0.05 0.04 0.03 0.02 0.01
0.06 0.28 0.31 0.2 0.05 0.04 0.03 0.02 0.01
0.07 0.06 0.18 0.54 0.05 0.04 0.03 0.02 0.01
0.17 0.05 0.55 0.07 0.06 0.04 0.03 0.02 0.01
0.12 0.05 0.6 0.07 0.06 0.04 0.03 0.02 0.01
0.09 0.05 0.63 0.07 0.06 0.04 0.03 0.02 0.01
0.07 0.05 0.62 0.1 0.06 0.04 0.03 0.02 0.01
0.08 0.06 0.56 0.15 0.05 0.04 0.03 0.02 0.01
0.08 0.06 0.5 0.21 0.05 0.04 0.03 0.02 0.01
0.08 0.06 0.45 0.26 0.05 0.04 0.03 0.02 0.01
0.09 0.06 0.45 0.25 0.05 0.04 0.03 0.02 0.01
0.08 0.06 0.44 0.27 0.05 0.04 0.03 0.02 0.01
0.1 0.06 0.43 0.26 0.05 0.04 0.03 0.02 0.01
0.06 0.18 0.09 0.52 0.05 0.04 0.03 0.02 0.01
0.18 0.07 0.06 0.54 0.05 0.04 0.03 0.02 0.01
0.14 0.07 0.06 0.58 0.05 0.04 0.03 0.02 0.01
0.12 0.09 0.06 0.58 0.05 0.04 0.03 0.02 0.01
0.11 0.09 0.06 0.59 0.05 0.04 0.03 0.02 0.01
0.1 0.07 0.06 0.62 0.05 0.04 0.03 0.02 0.01
0.1 0.09 0.06 0.6 0.05 0.04 0.03 0.02 0.01
0.1 0.11 0.06 0.58 0.05 0.04 0.03 0.02 0.01
0.1 0.09 0.06 0.6 0.05 0.04 0.03 0.02 0.01
0.11 0.12 0.06 0.56 0.05 0.04 0.03 0.02 0.01
0.12 0.1 0.07 0.56 0.05 0.04 0.03 0.02 0.01
0.06 0.12 0.42 0.25 0.05 0.04 0.03 0.02 0.01
0.2 0.44 0.15 0.05 0.06 0.04 0.03 0.02 0.01
0.13 0.39 0.27 0.05 0.06 0.04 0.03 0.02 0.01
0.12 0.24 0.37 0.11 0.06 0.04 0.03 0.02 0.01
0.11 0.27 0.3 0.17 0.05 0.04 0.03 0.02 0.01
0.12 0.22 0.28 0.23 0.05 0.04 0.03 0.02 0.01
0.12 0.22 0.28 0.23 0.05 0.04 0.03 0.02 0.01
0.13 0.21 0.27 0.24 0.05 0.04 0.03 0.02 0.01
0.13 0.24 0.26 0.22 0.05 0.04 0.03 0.02 0.01
0.14 0.22 0.26 0.23 0.05 0.04 0.03 0.02 0.01
0.14 0.23 0.27 0.21 0.05 0.04 0.03 0.02 0.01
0.06 0.07 0.17 0.55 0.05 0.04 0.03 0.02 0.01
0.19 0.53 0.07 0.06 0.05 0.04 0.03 0.02 0.01
0.13 0.39 0.27 0.06 0.05 0.04 0.03 0.02 0.01
0.12 0.26 0.31 0.16 0.05 0.04 0.03 0.02 0.01
0.11 0.27 0.3 0.17 0.05 0.04 0.03 0.02 0.01
0.12 0.22 0.28 0.23 0.05 0.04 0.03 0.02 0.01
0.12 0.22 0.28 0.23 0.05 0.04 0.03 0.02 0.01
0.13 0.21 0.26 0.25 0.05 0.04 0.03 0.02 0.01
0.13 0.24 0.26 0.22 0.05 0.04 0.03 0.02 0.01
0.14 0.22 0.26 0.23 0.05 0.04 0.03 0.02 0.01
0.14 0.23 0.27 0.21 0.05 0.04 0.03 0.02 0.01
0.06 0.07 0.17 0.55 0.05 0.04 0.03 0.02 0.01
0.19 0.53 0.07 0.06 0.05 0.04 0.03 0.02 0.01
0.13 0.39 0.27 0.06 0.05 0.04 0.03 0.02 0.01
0.12 0.26 0.31 0.16 0.05 0.04 0.03 0.02 0.01
0.11 0.27 0.3 0.17 0.05 0.04 0.03 0.02 0.01
0.12 0.22 0.27 0.24 0.05 0.04 0.03 0.02 0.01
0.12 0.22 0.27 0.24 0.05 0.04 0.03 0.02 0.01
0.13 0.21 0.26 0.25 0.05 0.04 0.03 0.02 0.01
0.13 0.23 0.29 0.2 0.05 0.04 0.03 0.02 0.01
0.14 0.22 0.25 0.24 0.05 0.04 0.03 0.02 0.01
0.14 0.23 0.27 0.21 0.05 0.04 0.03 0.02 0.01
0.06 0.07 0.17 0.55 0.05 0.04 0.03 0.02 0.01
0.19 0.53 0.07 0.06 0.05 0.04 0.03 0.02 0.01
0.13 0.39 0.27 0.06 0.05 0.04 0.03 0.02 0.01
0.12 0.26 0.31 0.16 0.05 0.04 0.03 0.02 0.01
0.11 0.26 0.33 0.15 0.05 0.04 0.03 0.02 0.01
0.12 0.22 0.27 0.24 0.05 0.04 0.03 0.02 0.01
0.12 0.22 0.27 0.24 0.05 0.04 0.03 0.02 0.01
0.13 0.21 0.26 0.25 0.05 0.04 0.03 0.02 0.01
0.13 0.23 0.29 0.2 0.05 0.04 0.03 0.02 0.01
0.14 0.22 0.25 0.24 0.05 0.04 0.03 0.02 0.01
0.15 0.23 0.26 0.21 0.05 0.04 0.03 0.02 0.01
0.06 0.07 0.17 0.55 0.05 0.04 0.03 0.02 0.01
0.19 0.53 0.07 0.06 0.05 0.04 0.03 0.02 0.01
0.13 0.39 0.27 0.06 0.05 0.04 0.03 0.02 0.01
0.12 0.26 0.3 0.17 0.05 0.04 0.03 0.02 0.01
0.11 0.26 0.33 0.15 0.05 0.04 0.03 0.02 0.01
0.12 0.22 0.27 0.24 0.05 0.04 0.03 0.02 0.01
0.12 0.22 0.27 0.24 0.05 0.04 0.03 0.02 0.01
0.13 0.21 0.26 0.25 0.05 0.04 0.03 0.02 0.01
0.13 0.24 0.25 0.23 0.05 0.04 0.03 0.02 0.01
0.14 0.22 0.25 0.24 0.05 0.04 0.03 0.02 0.01
0.15 0.23 0.26 0.21 0.05 0.04 0.03 0.02 0.01
0.06 0.07 0.17 0.55 0.05 0.04 0.03 0.02 0.01
0.19 0.53 0.07 0.06 0.05 0.04 0.03 0.02 0.01
0.13 0.39 0.27 0.06 0.05 0.04 0.03 0.02 0.01
0.12 0.26 0.3 0.17 0.05 0.04 0.03 0.02 0.01
0.11 0.26 0.33 0.15 0.05 0.04 0.03 0.02 0.01
0.12 0.22 0.27 0.24 0.05 0.04 0.03 0.02 0.01
0.12 0.22 0.27 0.24 0.05 0.04 0.03 0.02 0.01
0.13 0.21 0.25 0.26 0.05 0.04 0.03 0.02 0.01
0.13 0.23 0.28 0.21 0.05 0.04 0.03 0.02 0.01
0.14 0.22 0.24 0.25 0.05 0.04 0.03 0.02 0.01
0.15 0.23 0.25 0.22 0.05 0.04 0.03 0.02 0.01
0.06 0.07 0.17 0.55 0.05 0.04 0.03 0.02 0.01
0.19 0.53 0.07 0.06 0.05 0.04 0.03 0.02 0.01
0.13 0.39 0.27 0.06 0.05 0.04 0.03 0.02 0.01
0.12 0.26 0.3 0.17 0.05 0.04 0.03 0.02 0.01
0.11 0.26 0.33 0.15 0.05 0.04 0.03 0.02 0.01
0.12 0.22 0.27 0.24 0.05 0.04 0.03 0.02 0.01
0.12 0.22 0.27 0.24 0.05 0.04 0.03 0.02 0.01
0.13 0.21 0.25 0.26 0.05 0.04 0.03 0.02 0.01
0.13 0.23 0.28 0.21 0.05 0.04 0.03 0.02 0.01
0.14 0.22 0.24 0.25 0.05 0.04 0.03 0.02 0.01
0.15 0.23 0.25 0.22 0.05 0.04 0.03 0.02 0.01
0.06 0.07 0.17 0.55 0.05 0.04 0.03 0.02 0.01
0.19 0.53 0.07 0.06 0.05 0.04 0.03 0.02 0.01
0.13 0.39 0.27 0.06 0.05 0.04 0.03 0.02 0.01
0.12 0.26 0.3 0.17 0.05 0.04 0.03 0.02 0.01
0.11 0.26 0.33 0.15 0.05 0.04 0.03 0.02 0.01
0.12 0.22 0.27 0.24 0.05 0.04 0.03 0.02 0.01
0.12 0.22 0.27 0.24 0.05 0.04 0.03 0.02 0.01
0.13 0.21 0.25 0.26 0.05 0.04 0.03 0.02 0.01
0.13 0.23 0.28 0.21 0.05 0.04 0.03 0.02 0.01
0.14 0.22 0.24 0.25 0.05 0.04 0.03 0.02 0.01
0.15 0.23 0.25 0.22 0.05 0.04 0.03 0.02 0.01
0.06 0.07 0.17 0.55 0.05 0.04 0.03 0.02 0.01
0.33 0.05 0.39 0.07 0.06 0.04 0.03 0.02 0.01
0.2 0.05 0.52 0.07 0.06 0.04 0.03 0.02 0.01
0.14 0.06 0.43 0.22 0.05 0.04 0.03 0.02 0.01
0.13 0.06 0.4 0.26 0.05 0.04 0.03 0.02 0.01
0.12 0.06 0.39 0.28 0.05 0.04 0.03 0.02 0.01
0.12 0.08 0.34 0.31 0.05 0.04 0.03 0.02 0.01
0.12 0.09 0.35 0.29 0.05 0.04 0.03 0.02 0.01
0.13 0.08 0.3 0.34 0.05 0.04 0.03 0.02 0.01
0.14 0.12 0.3 0.29 0.05 0.04 0.03 0.02 0.01
0.14 0.1 0.32 0.29 0.05 0.04 0.03 0.02 0.01
0.06 0.16 0.1 0.53 0.05 0.04 0.03 0.02 0.01
0.33 0.07 0.06 0.39 0.05 0.04 0.03 0.02 0.01
0.21 0.1 0.06 0.48 0.05 0.04 0.03 0.02 0.01
0.14 0.08 0.06 0.57 0.05 0.04 0.03 0.02 0.01
0.13 0.11 0.06 0.55 0.05 0.04 0.03 0.02 0.01
0.12 0.11 0.06 0.56 0.05 0.04 0.03 0.02 0.01
0.12 0.14 0.1 0.49 0.05 0.04 0.03 0.02 0.01
0.12 0.13 0.11 0.49 0.05 0.04 0.03 0.02 0.01
0.13 0.15 0.12 0.45 0.05 0.04 0.03 0.02 0.01
0.13 0.14 0.1 0.48 0.05 0.04 0.03 0.02 0.01
0.14 0.15 0.12 0.44 0.05 0.04 0.03 0.02 0.01
0.06 0.08 0.37 0.34 0.05 0.04 0.03 0.02 0.01
0.33 0.39 0.07 0.05 0.06 0.04 0.03 0.02 0.01
0.2 0.4 0.19 0.05 0.06 0.04 0.03 0.02 0.01
0.15 0.35 0.27 0.07 0.06 0.04 0.03 0.02 0.01
0.13 0.25 0.31 0.16 0.05 0.04 0.03 0.02 0.01
0.12 0.25 0.31 0.17 0.05 0.04 0.03 0.02 0.01
0.12 0.2 0.26 0.27 0.05 0.04 0.03 0.02 0.01
0.12 0.2 0.28 0.25 0.05 0.04 0.03 0.02 0.01
0.13 0.19 0.26 0.27 0.05 0.04 0.03 0.02 0.01
0.13 0.23 0.24 0.25 0.05 0.04 0.03 0.02 0.01
0.14 0.21 0.23 0.27 0.05 0.04 0.03 0.02 0.01
0.06 0.07 0.18 0.54 0.05 0.04 0.03 0.02 0.01
0.33 0.39 0.07 0.06 0.05 0.04 0.03 0.02 0.01
0.2 0.4 0.19 0.06 0.05 0.04 0.03 0.02 0.01
0.15 0.34 0.3 0.06 0.05 0.04 0.03 0.02 0.01
0.13 0.25 0.31 0.16 0.05 0.04 0.03 0.02 0.01
0.12 0.25 0.31 0.17 0.05 0.04 0.03 0.02 0.01
0.12 0.2 0.26 0.27 0.05 0.04 0.03 0.02 0.01
0.12 0.2 0.28 0.25 0.05 0.04 0.03 0.02 0.01
0.13 0.19 0.25 0.28 0.05 0.04 0.03 0.02 0.01
0.13 0.23 0.24 0.25 0.05 0.04 0.03 0.02 0.01
0.14 0.2 0.26 0.25 0.05 0.04 0.03 0.02 0.01
0.06 0.07 0.18 0.54 0.05 0.04 0.03 0.02 0.01
0.33 0.39 0.07 0.06 0.05 0.04 0.03 0.02 0.01
0.2 0.4 0.19 0.06 0.05 0.04 0.03 0.02 0.01
0.15 0.34 0.3 0.06 0.05 0.04 0.03 0.02 0.01
0.13 0.26 0.27 0.19 0.05 0.04 0.03 0.02 0.01
0.12 0.26 0.27 0.2 0.05 0.04 0.03 0.02 0.01
0.12 0.2 0.26 0.27 0.05 0.04 0.03 0.02 0.01
0.12 0.2 0.27 0.26 0.05 0.04 0.03 0.02 0.01
0.13 0.19 0.25 0.28 0.05 0.04 0.03 0.02 0.01
0.13 0.23 0.24 0.25 0.05 0.04 0.03 0.02 0.01
0.14 0.2 0.26 0.25 0.05 0.04 0.03 0.02 0.01
0.06 0.07 0.18 0.54 0.05 0.04 0.03 0.02 0.01
0.33 0.39 0.07 0.06 0.05 0.04 0.03 0.02 0.01
0.2 0.4 0.19 0.06 0.05 0.04 0.03 0.02 0.01
0.15 0.34 0.3 0.06 0.05 0.04 0.03 0.02 0.01
0.13 0.25 0.3 0.17 0.05 0.04 0.03 0.02 0.01
0.12 0.25 0.3 0.18 0.05 0.04 0.03 0.02 0.01
0.12 0.2 0.26 0.27 0.05 0.04 0.03 0.02 0.01
0.12 0.2 0.27 0.26 0.05 0.04 0.03 0.02 0.01
0.13 0.19 0.25 0.28 0.05 0.04 0.03 0.02 0.01
0.13 0.22 0.27 0.23 0.05 0.04 0.03 0.02 0.01
0.14 0.2 0.25 0.26 0.05 0.04 0.03 0.02 0.01
0.06 0.07 0.18 0.54 0.05 0.04 0.03 0.02 0.01
0.33 0.39 0.07 0.06 0.05 0.04 0.03 0.02 0.01
0.2 0.4 0.19 0.06 0.05 0.04 0.03 0.02 0.01
0.15 0.34 0.29 0.07 0.05 0.04 0.03 0.02 0.01
0.13 0.25 0.3 0.17 0.05 0.04 0.03 0.02 0.01
0.12 0.25 0.3 0.18 0.05 0.04 0.03 0.02 0.01
0.12 0.2 0.25 0.28 0.05 0.04 0.03 0.02 0.01
0.12 0.2 0.27 0.26 0.05 0.04 0.03 0.02 0.01
0.13 0.19 0.24 0.29 0.05 0.04 0.03 0.02 0.01
0.13 0.22 0.27 0.23 0.05 0.04 0.03 0.02 0.01
0.14 0.2 0.25 0.26 0.05 0.04 0.03 0.02 0.01
0.06 0.07 0.18 0.54 0.05 0.04 0.03 0.02 0.01
0.33 0.39 0.07 0.06 0.05 0.04 0.03 0.02 0.01
0.2 0.4 0.19 0.06 0.05 0.04 0.03 0.02 0.01
0.15 0.34 0.29 0.07 0.05 0.04 0.03 0.02 0.01
0.13 0.25 0.3 0.17 0.05 0.04 0.03 0.02 0.01
0.12 0.25 0.3 0.18 0.05 0.04 0.03 0.02 0.01
0.12 0.2 0.25 0.28 0.05 0.04 0.03 0.02 0.01
0.12 0.2 0.27 0.26 0.05 0.04 0.03 0.02 0.01
0.13 0.19 0.24 0.29 0.05 0.04 0.03 0.02 0.01
0.13 0.22 0.27 0.23 0.05 0.04 0.03 0.02 0.01
0.14 0.2 0.25 0.26 0.05 0.04 0.03 0.02 0.01
0.06 0.07 0.18 0.54 0.05 0.04 0.03 0.02 0.01
0.33 0.39 0.07 0.06 0.05 0.04 0.03 0.02 0.01
0.2 0.4 0.19 0.06 0.05 0.04 0.03 0.02 0.01
0.15 0.34 0.29 0.07 0.05 0.04 0.03 0.02 0.01
0.13 0.25 0.3 0.17 0.05 0.04 0.03 0.02 0.01
0.12 0.25 0.3 0.18 0.05 0.04 0.03 0.02 0.01
0.12 0.2 0.25 0.28 0.05 0.04 0.03 0.02 0.01
0.12 0.2 0.27 0.26 0.05 0.04 0.03 0.02 0.01
0.13 0.19 0.24 0.29 0.05 0.04 0.03 0.02 0.01
0.13 0.22 0.27 0.23 0.05 0.04 0.03 0.02 0.01
0.14 0.2 0.25 0.26 0.05 0.04 0.03 0.02 0.01
0.06 0.07 0.18 0.54 0.05 0.04 0.03 0.02 0.01
0.33 0.39 0.07 0.06 0.05 0.04 0.03 0.02 0.01
0.2 0.4 0.19 0.06 0.05 0.04 0.03 0.02 0.01
0.15 0.34 0.29 0.07 0.05 0.04 0.03 0.02 0.01
0.13 0.25 0.3 0.17 0.05 0.04 0.03 0.02 0.01
0.12 0.25 0.3 0.18 0.05 0.04 0.03 0.02 0.01
0.12 0.2 0.25 0.28 0.05 0.04 0.03 0.02 0.01
0.12 0.2 0.27 0.26 0.05 0.04 0.03 0.02 0.01
0.13 0.19 0.24 0.29 0.05 0.04 0.03 0.02 0.01
0.13 0.22 0.27 0.23 0.05 0.04 0.03 0.02 0.01
0.14 0.2 0.25 0.26 0.05 0.04 0.03 0.02 0.01
0.06 0.07 0.18 0.54 0.05 0.04 0.03 0.02 0.01
0.33 0.39 0.06 0.07 0.05 0.04 0.03 0.02 0.01
0.19 0.53 0.06 0.07 0.05 0.04 0.03 0.02 0.01
0.13 0.39 0.06 0.27 0.05 0.04 0.03 0.02 0.01
0.12 0.35 0.07 0.31 0.05 0.04 0.03 0.02 0.01
0.11 0.25 0.07 0.42 0.05 0.04 0.03 0.02 0.01
0.11 0.25 0.08 0.41 0.05 0.04 0.03 0.02 0.01
0.12 0.22 0.15 0.36 0.05 0.04 0.03 0.02 0.01
0.12 0.25 0.13 0.35 0.05 0.04 0.03 0.02 0.01
0.13 0.24 0.16 0.32 0.05 0.04 0.03 0.02 0.01
0.14 0.22 0.17 0.32 0.05 0.04 0.03 0.02 0.01
0.06 0.07 0.34 0.38 0.05 0.04 0.03 0.02 0.01
0.33 0.39 0.07 0.05 0.06 0.04 0.03 0.02 0.01
0.19 0.53 0.07 0.05 0.06 0.04 0.03 0.02 0.01
0.12 0.47 0.2 0.05 0.06 0.04 0.03 0.02 0.01
0.12 0.34 0.3 0.08 0.06 0.04 0.03 0.02 0.01
0.11 0.32 0.29 0.13 0.05 0.04 0.03 0.02 0.01
0.11 0.27 0.25 0.22 0.05 0.04 0.03 0.02 0.01
0.11 0.26 0.25 0.23 0.05 0.04 0.03 0.02 0.01
0.12 0.24 0.29 0.2 0.05 0.04 0.03 0.02 0.01
0.12 0.26 0.28 0.19 0.05 0.04 0.03 0.02 0.01
0.13 0.25 0.24 0.23 0.05 0.04 0.03 0.02 0.01
0.06 0.07 0.19 0.53 0.05 0.04 0.03 0.02 0.01
0.33 0.39 0.07 0.06 0.05 0.04 0.03 0.02 0.01
0.19 0.53 0.07 0.06 0.05 0.04 0.03 0.02 0.01
0.12 0.47 0.2 0.06 0.05 0.04 0.03 0.02 0.01
0.12 0.35 0.25 0.13 0.05 0.04 0.03 0.02 0.01
0.11 0.32 0.29 0.13 0.05 0.04 0.03 0.02 0.01
0.11 0.27 0.25 0.22 0.05 0.04 0.03 0.02 0.01
0.11 0.26 0.25 0.23 0.05 0.04 0.03 0.02 0.01
0.12 0.24 0.29 0.2 0.05 0.04 0.03 0.02 0.01
0.12 0.27 0.22 0.24 0.05 0.04 0.03 0.02 0.01
0.13 0.25 0.24 0.23 0.05 0.04 0.03 0.02 0.01
0.06 0.07 0.19 0.53 0.05 0.04 0.03 0.02 0.01
0.33 0.39 0.07 0.06 0.05 0.04 0.03 0.02 0.01
0.19 0.53 0.07 0.06 0.05 0.04 0.03 0.02 0.01
0.12 0.47 0.2 0.06 0.05 0.04 0.03 0.02 0.01
0.12 0.34 0.3 0.09 0.05 0.04 0.03 0.02 0.01
0.11 0.32 0.29 0.13 0.05 0.04 0.03 0.02 0.01
0.11 0.27 0.25 0.22 0.05 0.04 0.03 0.02 0.01
0.11 0.26 0.25 0.23 0.05 0.04 0.03 0.02 0.01
0.12 0.24 0.28 0.21 0.05 0.04 0.03 0.02 0.01
0.12 0.26 0.27 0.2 0.05 0.04 0.03 0.02 0.01
0.13 0.25 0.23 0.24 0.05 0.04 0.03 0.02 0.01
0.06 0.07 0.19 0.53 0.05 0.04 0.03 0.02 0.01
0.33 0.39 0.07 0.06 0.05 0.04 0.03 0.02 0.01
0.19 0.53 0.07 0.06 0.05 0.04 0.03 0.02 0.01
0.12 0.47 0.2 0.06 0.05 0.04 0.03 0.02 0.01
0.12 0.34 0.3 0.09 0.05 0.04 0.03 0.02 0.01
0.11 0.32 0.29 0.13 0.05 0.04 0.03 0.02 0.01
0.11 0.27 0.25 0.22 0.05 0.04 0.03 0.02 0.01
0.11 0.26 0.25 0.23 0.05 0.04 0.03 0.02 0.01
0.12 0.24 0.28 0.21 0.05 0.04 0.03 0.02 0.01
0.12 0.26 0.27 0.2 0.05 0.04 0.03 0.02 0.01
0.13 0.25 0.23 0.24 0.05 0.04 0.03 0.02 0.01
0.06 0.07 0.19 0.53 0.05 0.04 0.03 0.02 0.01
0.33 0.39 0.07 0.06 0.05 0.04 0.03 0.02 0.01
0.19 0.53 0.07 0.06 0.05 0.04 0.03 0.02 0.01
0.12 0.47 0.2 0.06 0.05 0.04 0.03 0.02 0.01
0.12 0.34 0.29 0.1 0.05 0.04 0.03 0.02 0.01
0.11 0.32 0.28 0.14 0.05 0.04 0.03 0.02 0.01
0.11 0.27 0.24 0.23 0.05 0.04 0.03 0.02 0.01
0.11 0.26 0.25 0.23 0.05 0.04 0.03 0.02 0.01
0.12 0.24 0.28 0.21 0.05 0.04 0.03 0.02 0.01
0.12 0.26 0.27 0.2 0.05 0.04 0.03 0.02 0.01
0.13 0.25 0.23 0.24 0.05 0.04 0.03 0.02 0.01
0.06 0.07 0.18 0.54 0.05 0.04 0.03 0.02 0.01
0.33 0.39 0.07 0.06 0.05 0.04 0.03 0.02 0.01
0.19 0.53 0.07 0.06 0.05 0.04 0.03 0.02 0.01
0.12 0.47 0.2 0.06 0.05 0.04 0.03 0.02 0.01
0.12 0.34 0.29 0.1 0.05 0.04 0.03 0.02 0.01
0.11 0.32 0.28 0.14 0.05 0.04 0.03 0.02 0.01
0.11 0.27 0.24 0.23 0.05 0.04 0.03 0.02 0.01
0.11 0.26 0.25 0.23 0.05 0.04 0.03 0.02 0.01
0.12 0.24 0.28 0.21 0.05 0.04 0.03 0.02 0.01
0.12 0.26 0.27 0.2 0.05 0.04 0.03 0.02 0.01
0.13 0.24 0.27 0.21 0.05 0.04 0.03 0.02 0.01
0.06 0.07 0.18 0.54 0.05 0.04 0.03 0.02 0.01
0.33 0.39 0.07 0.06 0.05 0.04 0.03 0.02 0.01
0.19 0.53 0.07 0.06 0.05 0.04 0.03 0.02 0.01
0.12 0.47 0.2 0.06 0.05 0.04 0.03 0.02 0.01
0.12 0.34 0.29 0.1 0.05 0.04 0.03 0.02 0.01
0.11 0.32 0.28 0.14 0.05 0.04 0.03 0.02 0.01
0.11 0.27 0.24 0.23 0.05 0.04 0.03 0.02 0.01
0.11 0.26 0.25 0.23 0.05 0.04 0.03 0.02 0.01
0.12 0.24 0.28 0.21 0.05 0.04 0.03 0.02 0.01
0.12 0.26 0.27 0.2 0.05 0.04 0.03 0.02 0.01
0.13 0.24 0.27 0.21 0.05 0.04 0.03 0.02 0.01
0.06 0.07 0.18 0.54 0.05 0.04 0.03 0.02 0.01
0.33 0.39 0.07 0.06 0.05 0.04 0.03 0.02 0.01
0.19 0.53 0.07 0.06 0.05 0.04 0.03 0.02 0.01
0.12 0.47 0.2 0.06 0.05 0.04 0.03 0.02 0.01
0.12 0.34 0.29 0.1 0.05 0.04 0.03 0.02 0.01
0.11 0.32 0.28 0.14 0.05 0.04 0.03 0.02 0.01
0.11 0.27 0.24 0.23 0.05 0.04 0.03 0.02 0.01
0.11 0.26 0.25 0.23 0.05 0.04 0.03 0.02 0.01
0.12 0.24 0.28 0.21 0.05 0.04 0.03 0.02 0.01
0.12 0.26 0.27 0.2 0.05 0.04 0.03 0.02 0.01
0.13 0.24 0.27 0.21 0.05 0.04 0.03 0.02 0.01
0.06 0.07 0.18 0.54 0.05 0.04 0.03 0.02 0.01
0.33 0.39 0.07 0.06 0.05 0.04 0.03 0.02 0.01
0.19 0.53 0.07 0.06 0.05 0.04 0.03 0.02 0.01
0.12 0.47 0.2 0.06 0.05 0.04 0.03 0.02 0.01
0.12 0.34 0.29 0.1 0.05 0.04 0.03 0.02 0.01
0.11 0.32 0.28 0.14 0.05 0.04 0.03 0.02 0.01
0.11 0.27 0.24 0.23 0.05 0.04 0.03 0.02 0.01
0.11 0.26 0.25 0.23 0.05 0.04 0.03 0.02 0.01
0.12 0.24 0.28 0.21 0.05 0.04 0.03 0.02 0.01
0.12 0.26 0.27 0.2 0.05 0.04 0.03 0.02 0.01
0.13 0.24 0.27 0.21 0.05 0.04 0.03 0.02 0.01
0.06 0.07 0.18 0.54 0.05 0.04 0.03 0.02 0.01
0.33 0.39 0.07 0.05 0.06 0.04 0.03 0.02 0.01
0.19 0.53 0.07 0.05 0.06 0.04 0.03 0.02 0.01
0.13 0.39 0.27 0.05 0.06 0.04 0.03 0.02 0.01
0.12 0.33 0.34 0.05 0.06 0.04 0.03 0.02 0.01
0.11 0.24 0.38 0.12 0.05 0.04 0.03 0.02 0.01
0.11 0.24 0.37 0.13 0.05 0.04 0.03 0.02 0.01
0.11 0.25 0.32 0.17 0.05 0.04 0.03 0.02 0.01
0.12 0.23 0.33 0.17 0.05 0.04 0.03 0.02 0.01
0.13 0.22 0.3 0.2 0.05 0.04 0.03 0.02 0.01
0.13 0.24 0.29 0.19 0.05 0.04 0.03 0.02 0.01
0.06 0.07 0.19 0.53 0.05 0.04 0.03 0.02 0.01
0.33 0.39 0.07 0.06 0.05 0.04 0.03 0.02 0.01
0.19 0.53 0.07 0.06 0.05 0.04 0.03 0.02 0.01
0.13 0.39 0.27 0.06 0.05 0.04 0.03 0.02 0.01
0.12 0.34 0.32 0.07 0.05 0.04 0.03 0.02 0.01
0.11 0.24 0.38 0.12 0.05 0.04 0.03 0.02 0.01
0.11 0.24 0.37 0.13 0.05 0.04 0.03 0.02 0.01
0.11 0.23 0.37 0.14 0.05 0.04 0.03 0.02 0.01
0.12 0.23 0.33 0.17 0.05 0.04 0.03 0.02 0.01
0.13 0.22 0.3 0.2 0.05 0.04 0.03 0.02 0.01
0.13 0.24 0.29 0.19 0.05 0.04 0.03 0.02 0.01
0.06 0.07 0.19 0.53 0.05 0.04 0.03 0.02 0.01
0.33 0.39 0.07 0.06 0.05 0.04 0.03 0.02 0.01
0.19 0.53 0.07 0.06 0.05 0.04 0.03 0.02 0.01
0.13 0.39 0.27 0.06 0.05 0.04 0.03 0.02 0.01
0.12 0.33 0.34 0.06 0.05 0.04 0.03 0.02 0.01
0.11 0.24 0.38 0.12 0.05 0.04 0.03 0.02 0.01
0.11 0.24 0.37 0.13 0.05 0.04 0.03 0.02 0.01
0.11 0.24 0.34 0.16 0.05 0.04 0.03 0.02 0.01
0.12 0.22 0.35 0.16 0.05 0.04 0.03 0.02 0.01
0.13 0.22 0.3 0.2 0.05 0.04 0.03 0.02 0.01
0.13 0.24 0.29 0.19 0.05 0.04 0.03 0.02 0.01
0.06 0.07 0.19 0.53 0.05 0.04 0.03 0.02 0.01
0.33 0.39 0.07 0.06 0.05 0.04 0.03 0.02 0.01
0.19 0.53 0.07 0.06 0.05 0.04 0.03 0.02 0.01
0.13 0.39 0.27 0.06 0.05 0.04 0.03 0.02 0.01
0.12 0.33 0.34 0.06 0.05 0.04 0.03 0.02 0.01
0.11 0.25 0.35 0.14 0.05 0.04 0.03 0.02 0.01
0.11 0.24 0.37 0.13 0.05 0.04 0.03 0.02 0.01
0.11 0.24 0.34 0.16 0.05 0.04 0.03 0.02 0.01
0.12 0.24 0.3 0.19 0.05 0.04 0.03 0.02 0.01
0.13 0.22 0.3 0.2 0.05 0.04 0.03 0.02 0.01
0.13 0.24 0.29 0.19 0.05 0.04 0.03 0.02 0.01
0.06 0.07 0.19 0.53 0.05 0.04 0.03 0.02 0.01
0.33 0.39 0.07 0.06 0.05 0.04 0.03 0.02 0.01
0.19 0.53 0.07 0.06 0.05 0.04 0.03 0.02 0.01
0.13 0.39 0.27 0.06 0.05 0.04 0.03 0.02 0.01
0.12 0.33 0.34 0.06 0.05 0.04 0.03 0.02 0.01
0.11 0.25 0.35 0.14 0.05 0.04 0.03 0.02 0.01
0.11 0.24 0.37 0.13 0.05 0.04 0.03 0.02 0.01
0.11 0.24 0.34 0.16 0.05 0.04 0.03 0.02 0.01
0.12 0.23 0.32 0.18 0.05 0.04 0.03 0.02 0.01
0.13 0.22 0.3 0.2 0.05 0.04 0.03 0.02 0.01
0.13 0.24 0.29 0.19 0.05 0.04 0.03 0.02 0.01
0.06 0.07 0.19 0.53 0.05 0.04 0.03 0.02 0.01
0.33 0.39 0.07 0.06 0.05 0.04 0.03 0.02 0.01
0.19 0.53 0.07 0.06 0.05 0.04 0.03 0.02 0.01
0.13 0.39 0.27 0.06 0.05 0.04 0.03 0.02 0.01
0.12 0.33 0.34 0.06 0.05 0.04 0.03 0.02 0.01
0.12 0.25 0.35 0.13 0.05 0.04 0.03 0.02 0.01
0.11 0.25 0.34 0.15 0.05 0.04 0.03 0.02 0.01
0.11 0.24 0.34 0.16 0.05 0.04 0.03 0.02 0.01
0.12 0.23 0.32 0.18 0.05 0.04 0.03 0.02 0.01
0.13 0.21 0.32 0.19 0.05 0.04 0.03 0.02 0.01
0.13 0.23 0.31 0.18 0.05 0.04 0.03 0.02 0.01
0.06 0.07 0.19 0.53 0.05 0.04 0.03 0.02 0.01
0.33 0.39 0.07 0.06 0.05 0.04 0.03 0.02 0.01
0.19 0.53 0.07 0.06 0.05 0.04 0.03 0.02 0.01
0.13 0.39 0.27 0.06 0.05 0.04 0.03 0.02 0.01
0.12 0.33 0.34 0.06 0.05 0.04 0.03 0.02 0.01
0.12 0.25 0.35 0.13 0.05 0.04 0.03 0.02 0.01
0.11 0.25 0.34 0.15 0.05 0.04 0.03 0.02 0.01
0.11 0.24 0.34 0.16 0.05 0.04 0.03 0.02 0.01
0.12 0.23 0.32 0.18 0.05 0.04 0.03 0.02 0.01
0.13 0.21 0.32 0.19 0.05 0.04 0.03 0.02 0.01
0.13 0.23 0.31 0.18 0.05 0.04 0.03 0.02 0.01
0.06 0.07 0.19 0.53 0.05 0.04 0.03 0.02 0.01
0.33 0.39 0.07 0.06 0.05 0.04 0.03 0.02 0.01
0.19 0.53 0.07 0.06 0.05 0.04 0.03 0.02 0.01
0.13 0.39 0.27 0.06 0.05 0.04 0.03 0.02 0.01
0.12 0.33 0.34 0.06 0.05 0.04 0.03 0.02 0.01
0.12 0.25 0.35 0.13 0.05 0.04 0.03 0.02 0.01
0.11 0.25 0.34 0.15 0.05 0.04 0.03 0.02 0.01
0.11 0.24 0.34 0.16 0.05 0.04 0.03 0.02 0.01
0.12 0.23 0.32 0.18 0.05 0.04 0.03 0.02 0.01
0.13 0.21 0.32 0.19 0.05 0.04 0.03 0.02 0.01
0.13 0.23 0.31 0.18 0.05 0.04 0.03 0.02 0.01
0.06 0.07 0.19 0.53 0.05 0.04 0.03 0.02 0.01
0.33 0.39 0.07 0.06 0.05 0.04 0.03 0.02 0.01
0.19 0.53 0.07 0.06 0.05 0.04 0.03 0.02 0.01
0.13 0.39 0.27 0.06 0.05 0.04 0.03 0.02 0.01
0.12 0.26 0.3 0.17 0.05 0.04 0.03 0.02 0.01
0.11 0.27 0.29 0.18 0.05 0.04 0.03 0.02 0.01
0.12 0.21 0.3 0.22 0.05 0.04 0.03 0.02 0.01
0.12 0.22 0.27 0.24 0.05 0.04 0.03 0.02 0.01
0.13 0.21 0.25 0.26 0.05 0.04 0.03 0.02 0.01
0.13 0.23 0.28 0.21 0.05 0.04 0.03 0.02 0.01
0.14 0.22 0.24 0.25 0.05 0.04 0.03 0.02 0.01
0.06 0.07 0.18 0.54 0.05 0.04 0.03 0.02 0.01
0.33 0.39 0.07 0.06 0.05 0.04 0.03 0.02 0.01
0.19 0.53 0.07 0.06 0.05 0.04 0.03 0.02 0.01
0.13 0.39 0.27 0.06 0.05 0.04 0.03 0.02 0.01
0.13 0.27 0.31 0.14 0.05 0.04 0.03 0.02 0.01
0.11 0.26 0.32 0.16 0.05 0.04 0.03 0.02 0.01
0.12 0.22 0.26 0.25 0.05 0.04 0.03 0.02 0.01
0.12 0.22 0.26 0.25 0.05 0.04 0.03 0.02 0.01
0.13 0.21 0.25 0.26 0.05 0.04 0.03 0.02 0.01
0.13 0.23 0.28 0.21 0.05 0.04 0.03 0.02 0.01
0.14 0.22 0.24 0.25 0.05 0.04 0.03 0.02 0.01
0.06 0.07 0.18 0.54 0.05 0.04 0.03 0.02 0.01
0.33 0.39 0.07 0.06 0.05 0.04 0.03 0.02 0.01
0.19 0.53 0.07 0.06 0.05 0.04 0.03 0.02 0.01
0.13 0.39 0.27 0.06 0.05 0.04 0.03 0.02 0.01
0.12 0.26 0.3 0.17 0.05 0.04 0.03 0.02 0.01
0.11 0.27 0.29 0.18 0.05 0.04 0.03 0.02 0.01
0.12 0.21 0.3 0.22 0.05 0.04 0.03 0.02 0.01
0.12 0.22 0.27 0.24 0.05 0.04 0.03 0.02 0.01
0.13 0.21 0.25 0.26 0.05 0.04 0.03 0.02 0.01
0.13 0.23 0.28 0.21 0.05 0.04 0.03 0.02 0.01
0.14 0.22 0.24 0.25 0.05 0.04 0.03 0.02 0.01
0.06 0.07 0.18 0.54 0.05 0.04 0.03 0.02 0.01
0.33 0.39 0.07 0.06 0.05 0.04 0.03 0.02 0.01
0.19 0.53 0.07 0.06 0.05 0.04 0.03 0.02 0.01
0.13 0.39 0.27 0.06 0.05 0.04 0.03 0.02 0.01
0.13 0.27 0.31 0.14 0.05 0.04 0.03 0.02 0.01
0.11 0.27 0.29 0.18 0.05 0.04 0.03 0.02 0.01
0.12 0.22 0.26 0.25 0.05 0.04 0.03 0.02 0.01
0.12 0.22 0.26 0.25 0.05 0.04 0.03 0.02 0.01
0.13 0.21 0.25 0.26 0.05 0.04 0.03 0.02 0.01
0.13 0.23 0.28 0.21 0.05 0.04 0.03 0.02 0.01
0.14 0.22 0.24 0.25 0.05 0.04 0.03 0.02 0.01
0.06 0.07 0.18 0.54 0.05 0.04 0.03 0.02 0.01
0.33 0.39 0.07 0.06 0.05 0.04 0.03 0.02 0.01
0.19 0.53 0.07 0.06 0.05 0.04 0.03 0.02 0.01
0.13 0.39 0.27 0.06 0.05 0.04 0.03 0.02 0.01
0.13 0.27 0.31 0.14 0.05 0.04 0.03 0.02 0.01
0.11 0.26 0.32 0.16 0.05 0.04 0.03 0.02 0.01
0.12 0.22 0.26 0.25 0.05 0.04 0.03 0.02 0.01
0.12 0.22 0.26 0.25 0.05 0.04 0.03 0.02 0.01
0.13 0.21 0.25 0.26 0.05 0.04 0.03 0.02 0.01
0.13 0.23 0.28 0.21 0.05 0.04 0.03 0.02 0.01
0.14 0.22 0.24 0.25 0.05 0.04 0.03 0.02 0.01
0.06 0.07 0.18 0.54 0.05 0.04 0.03 0.02 0.01
0.33 0.39 0.07 0.06 0.05 0.04 0.03 0.02 0.01
0.19 0.53 0.07 0.06 0.05 0.04 0.03 0.02 0.01
0.13 0.39 0.27 0.06 0.05 0.04 0.03 0.02 0.01
0.13 0.27 0.31 0.14 0.05 0.04 0.03 0.02 0.01
0.11 0.26 0.32 0.16 0.05 0.04 0.03 0.02 0.01
0.12 0.22 0.26 0.25 0.05 0.04 0.03 0.02 0.01
0.12 0.22 0.26 0.25 0.05 0.04 0.03 0.02 0.01
0.13 0.21 0.25 0.26 0.05 0.04 0.03 0.02 0.01
0.13 0.23 0.28 0.21 0.05 0.04 0.03 0.02 0.01
0.14 0.22 0.24 0.25 0.05 0.04 0.03 0.02 0.01
0.06 0.07 0.18 0.54 0.05 0.04 0.03 0.02 0.01
0.33 0.39 0.07 0.06 0.05 0.04 0.03 0.02 0.01
0.19 0.53 0.07 0.06 0.05 0.04 0.03 0.02 0.01
0.13 0.39 0.27 0.06 0.05 0.04 0.03 0.02 0.01
0.12 0.26 0.3 0.17 0.05 0.04 0.03 0.02 0.01
0.11 0.27 0.29 0.18 0.05 0.04 0.03 0.02 0.01
0.12 0.21 0.3 0.22 0.05 0.04 0.03 0.02 0.01
0.12 0.22 0.27 0.24 0.05 0.04 0.03 0.02 0.01
0.13 0.21 0.25 0.26 0.05 0.04 0.03 0.02 0.01
0.13 0.23 0.28 0.21 0.05 0.04 0.03 0.02 0.01
0.14 0.22 0.24 0.25 0.05 0.04 0.03 0.02 0.01
0.06 0.07 0.18 0.54 0.05 0.04 0.03 0.02 0.01
0.33 0.39 0.07 0.06 0.05 0.04 0.03 0.02 0.01
0.19 0.53 0.07 0.06 0.05 0.04 0.03 0.02 0.01
0.13 0.39 0.27 0.06 0.05 0.04 0.03 0.02 0.01
0.12 0.26 0.3 0.17 0.05 0.04 0.03 0.02 0.01
0.11 0.27 0.29 0.18 0.05 0.04 0.03 0.02 0.01
0.12 0.21 0.3 0.22 0.05 0.04 0.03 0.02 0.01
0.12 0.22 0.27 0.24 0.05 0.04 0.03 0.02 0.01
0.13 0.21 0.25 0.26 0.05 0.04 0.03 0.02 0.01
0.13 0.23 0.28 0.21 0.05 0.04 0.03 0.02 0.01
0.14 0.22 0.24 0.25 0.05 0.04 0.03 0.02 0.01
0.06 0.07 0.18 0.54 0.05 0.04 0.03 0.02 0.01
0.33 0.39 0.07 0.06 0.05 0.04 0.03 0.02 0.01
0.19 0.53 0.07 0.06 0.05 0.04 0.03 0.02 0.01
0.13 0.39 0.27 0.06 0.05 0.04 0.03 0.02 0.01
0.13 0.27 0.31 0.14 0.05 0.04 0.03 0.02 0.01
0.11 0.27 0.29 0.18 0.05 0.04 0.03 0.02 0.01
0.12 0.22 0.26 0.25 0.05 0.04 0.03 0.02 0.01
0.12 0.22 0.26 0.25 0.05 0.04 0.03 0.02 0.01
0.13 0.21 0.25 0.26 0.05 0.04 0.03 0.02 0.01
0.13 0.23 0.28 0.21 0.05 0.04 0.03 0.02 0.01
0.14 0.22 0.24 0.25 0.05 0.04 0.03 0.02 0.01
0.06 0.07 0.18 0.54 0.05 0.04 0.03 0.02 0.01
0.33 0.39 0.07 0.06 0.05 0.04 0.03 0.02 0.01
0.19 0.53 0.07 0.06 0.05 0.04 0.03 0.02 0.01
0.13 0.39 0.27 0.06 0.05 0.04 0.03 0.02 0.01
0.13 0.27 0.31 0.14 0.05 0.04 0.03 0.02 0.01
0.11 0.27 0.29 0.18 0.05 0.04 0.03 0.02 0.01
0.12 0.22 0.26 0.25 0.05 0.04 0.03 0.02 0.01
0.12 0.22 0.26 0.25 0.05 0.04 0.03 0.02 0.01
0.13 0.21 0.25 0.26 0.05 0.04 0.03 0.02 0.01
0.13 0.23 0.28 0.21 0.05 0.04 0.03 0.02 0.01
0.14 0.22 0.24 0.25 0.05 0.04 0.03 0.02 0.01
0.06 0.07 0.18 0.54 0.05 0.04 0.03 0.02 0.01
0.33 0.39 0.07 0.06 0.05 0.04 0.03 0.02 0.01
0.19 0.53 0.07 0.06 0.05 0.04 0.03 0.02 0.01
0.13 0.39 0.27 0.06 0.05 0.04 0.03 0.02 0.01
0.13 0.27 0.31 0.14 0.05 0.04 0.03 0.02 0.01
0.11 0.27 0.29 0.18 0.05 0.04 0.03 0.02 0.01
0.12 0.22 0.26 0.25 0.05 0.04 0.03 0.02 0.01
0.12 0.22 0.26 0.25 0.05 0.04 0.03 0.02 0.01
0.13 0.21 0.25 0.26 0.05 0.04 0.03 0.02 0.01
0.13 0.23 0.28 0.21 0.05 0.04 0.03 0.02 0.01
0.14 0.22 0.24 0.25 0.05 0.04 0.03 0.02 0.01
0.06 0.07 0.18 0.54 0.05 0.04 0.03 0.02 0.01
0.33 0.39 0.07 0.06 0.05 0.04 0.03 0.02 0.01
0.19 0.53 0.07 0.06 0.05 0.04 0.03 0.02 0.01
0.13 0.39 0.27 0.06 0.05 0.04 0.03 0.02 0.01
0.12 0.26 0.3 0.17 0.05 0.04 0.03 0.02 0.01
0.11 0.27 0.29 0.18 0.05 0.04 0.03 0.02 0.01
0.12 0.21 0.3 0.22 0.05 0.04 0.03 0.02 0.01
0.12 0.22 0.27 0.24 0.05 0.04 0.03 0.02 0.01
0.13 0.21 0.25 0.26 0.05 0.04 0.03 0.02 0.01
0.13 0.23 0.28 0.21 0.05 0.04 0.03 0.02 0.01
0.14 0.22 0.24 0.25 0.05 0.04 0.03 0.02 0.01
0.06 0.07 0.18 0.54 0.05 0.04 0.03 0.02 0.01
0.33 0.39 0.07 0.06 0.05 0.04 0.03 0.02 0.01
0.19 0.53 0.07 0.06 0.05 0.04 0.03 0.02 0.01
0.13 0.39 0.27 0.06 0.05 0.04 0.03 0.02 0.01
0.12 0.26 0.3 0.17 0.05 0.04 0.03 0.02 0.01
0.11 0.27 0.29 0.18 0.05 0.04 0.03 0.02 0.01
0.12 0.21 0.3 0.22 0.05 0.04 0.03 0.02 0.01
0.12 0.22 0.27 0.24 0.05 0.04 0.03 0.02 0.01
0.13 0.21 0.25 0.26 0.05 0.04 0.03 0.02 0.01
0.13 0.23 0.28 0.21 0.05 0.04 0.03 0.02 0.01
0.14 0.22 0.24 0.25 0.05 0.04 0.03 0.02 0.01
0.06 0.07 0.18 0.54 0.05 0.04 0.03 0.02 0.01
0.33 0.39 0.07 0.06 0.05 0.04 0.03 0.02 0.01
0.19 0.53 0.07 0.06 0.05 0.04 0.03 0.02 0.01
0.13 0.39 0.27 0.06 0.05 0.04 0.03 0.02 0.01
0.12 0.26 0.3 0.17 0.05 0.04 0.03 0.02 0.01
0.11 0.27 0.29 0.18 0.05 0.04 0.03 0.02 0.01
0.12 0.21 0.3 0.22 0.05 0.04 0.03 0.02 0.01
0.12 0.22 0.27 0.24 0.05 0.04 0.03 0.02 0.01
0.13 0.21 0.25 0.26 0.05 0.04 0.03 0.02 0.01
0.13 0.23 0.28 0.21 0.05 0.04 0.03 0.02 0.01
0.14 0.22 0.24 0.25 0.05 0.04 0.03 0.02 0.01
0.06 0.07 0.18 0.54 0.05 0.04 0.03 0.02 0.01
0.33 0.39 0.07 0.06 0.05 0.04 0.03 0.02 0.01
0.19 0.53 0.07 0.06 0.05 0.04 0.03 0.02 0.01
0.13 0.39 0.27 0.06 0.05 0.04 0.03 0.02 0.01
0.12 0.26 0.3 0.17 0.05 0.04 0.03 0.02 0.01
0.11 0.27 0.29 0.18 0.05 0.04 0.03 0.02 0.01
0.12 0.21 0.3 0.22 0.05 0.04 0.03 0.02 0.01
0.12 0.22 0.27 0.24 0.05 0.04 0.03 0.02 0.01
0.13 0.21 0.25 0.26 0.05 0.04 0.03 0.02 0.01
0.13 0.23 0.28 0.21 0.05 0.04 0.03 0.02 0.01
0.14 0.22 0.24 0.25 0.05 0.04 0.03 0.02 0.01
0.06 0.07 0.18 0.54 0.05 0.04 0.03 0.02 0.01
0.33 0.39 0.07 0.06 0.05 0.04 0.03 0.02 0.01
0.19 0.53 0.07 0.06 0.05 0.04 0.03 0.02 0.01
0.13 0.39 0.27 0.06 0.05 0.04 0.03 0.02 0.01
0.12 0.26 0.3 0.17 0.05 0.04 0.03 0.02 0.01
0.11 0.27 0.29 0.18 0.05 0.04 0.03 0.02 0.01
0.12 0.21 0.3 0.22 0.05 0.04 0.03 0.02 0.01
0.12 0.22 0.27 0.24 0.05 0.04 0.03 0.02 0.01
0.13 0.21 0.25 0.26 0.05 0.04 0.03 0.02 0.01
0.13 0.23 0.28 0.21 0.05 0.04 0.03 0.02 0.01
0.14 0.22 0.24 0.25 0.05 0.04 0.03 0.02 0.01
0.06 0.07 0.18 0.54 0.05 0.04 0.03 0.02 0.01
0.33 0.39 0.07 0.06 0.05 0.04 0.03 0.02 0.01
0.19 0.53 0.07 0.06 0.05 0.04 0.03 0.02 0.01
0.13 0.39 0.27 0.06 0.05 0.04 0.03 0.02 0.01
0.12 0.26 0.3 0.17 0.05 0.04 0.03 0.02 0.01
0.11 0.27 0.29 0.18 0.05 0.04 0.03 0.02 0.01
0.12 0.21 0.3 0.22 0.05 0.04 0.03 0.02 0.01
0.12 0.22 0.27 0.24 0.05 0.04 0.03 0.02 0.01
0.13 0.21 0.25 0.26 0.05 0.04 0.03 0.02 0.01
0.13 0.23 0.28 0.21 0.05 0.04 0.03 0.02 0.01
0.14 0.22 0.24 0.25 0.05 0.04 0.03 0.02 0.01
0.06 0.07 0.18 0.54 0.05 0.04 0.03 0.02 0.01
0.33 0.39 0.07 0.06 0.05 0.04 0.03 0.02 0.01
0.19 0.53 0.07 0.06 0.05 0.04 0.03 0.02 0.01
0.13 0.39 0.27 0.06 0.05 0.04 0.03 0.02 0.01
0.12 0.26 0.3 0.17 0.05 0.04 0.03 0.02 0.01
0.11 0.27 0.29 0.18 0.05 0.04 0.03 0.02 0.01
0.12 0.21 0.3 0.22 0.05 0.04 0.03 0.02 0.01
0.12 0.22 0.27 0.24 0.05 0.04 0.03 0.02 0.01
0.13 0.21 0.25 0.26 0.05 0.04 0.03 0.02 0.01
0.13 0.23 0.28 0.21 0.05 0.04 0.03 0.02 0.01
0.14 0.22 0.24 0.25 0.05 0.04 0.03 0.02 0.01
0.06 0.07 0.18 0.54 0.05 0.04 0.03 0.02 0.01
0.33 0.39 0.07 0.06 0.05 0.04 0.03 0.02 0.01
0.19 0.53 0.07 0.06 0.05 0.04 0.03 0.02 0.01
0.13 0.39 0.27 0.06 0.05 0.04 0.03 0.02 0.01
0.12 0.26 0.3 0.17 0.05 0.04 0.03 0.02 0.01
0.11 0.26 0.33 0.15 0.05 0.04 0.03 0.02 0.01
0.12 0.22 0.27 0.24 0.05 0.04 0.03 0.02 0.01
0.12 0.22 0.27 0.24 0.05 0.04 0.03 0.02 0.01
0.13 0.21 0.25 0.26 0.05 0.04 0.03 0.02 0.01
0.13 0.23 0.28 0.21 0.05 0.04 0.03 0.02 0.01
0.14 0.22 0.24 0.25 0.05 0.04 0.03 0.02 0.01
0.06 0.07 0.18 0.54 0.05 0.04 0.03 0.02 0.01
0.33 0.39 0.07 0.06 0.05 0.04 0.03 0.02 0.01
0.19 0.53 0.07 0.06 0.05 0.04 0.03 0.02 0.01
0.13 0.39 0.27 0.06 0.05 0.04 0.03 0.02 0.01
0.12 0.26 0.3 0.17 0.05 0.04 0.03 0.02 0.01
0.11 0.26 0.33 0.15 0.05 0.04 0.03 0.02 0.01
0.12 0.22 0.27 0.24 0.05 0.04 0.03 0.02 0.01
0.12 0.22 0.27 0.24 0.05 0.04 0.03 0.02 0.01
0.13 0.21 0.25 0.26 0.05 0.04 0.03 0.02 0.01
0.13 0.23 0.28 0.21 0.05 0.04 0.03 0.02 0.01
0.14 0.22 0.24 0.25 0.05 0.04 0.03 0.02 0.01
0.06 0.07 0.18 0.54 0.05 0.04 0.03 0.02 0.01
0.33 0.39 0.07 0.06 0.05 0.04 0.03 0.02 0.01
0.19 0.53 0.07 0.06 0.05 0.04 0.03 0.02 0.01
0.13 0.39 0.27 0.06 0.05 0.04 0.03 0.02 0.01
0.12 0.26 0.3 0.17 0.05 0.04 0.03 0.02 0.01
0.11 0.26 0.33 0.15 0.05 0.04 0.03 0.02 0.01
0.12 0.22 0.27 0.24 0.05 0.04 0.03 0.02 0.01
0.12 0.22 0.27 0.24 0.05 0.04 0.03 0.02 0.01
0.13 0.21 0.25 0.26 0.05 0.04 0.03 0.02 0.01
0.13 0.23 0.28 0.21 0.05 0.04 0.03 0.02 0.01
0.14 0.22 0.24 0.25 0.05 0.04 0.03 0.02 0.01
0.06 0.07 0.18 0.54 0.05 0.04 0.03 0.02 0.01
0.06 0.07 0.09 0.63 0.05 0.04 0.03 0.02 0.01
0.06 0.07 0.1 0.62 0.05 0.04 0.03 0.02 0.01
0.06 0.07 0.1 0.62 0.05 0.04 0.03 0.02 0.01
0.06 0.07 0.12 0.6 0.05 0.04 0.03 0.02 0.01
0.06 0.07 0.13 0.59 0.05 0.04 0.03 0.02 0.01
0.06 0.07 0.14 0.58 0.05 0.04 0.03 0.02 0.01
0.06 0.07 0.16 0.56 0.05 0.04 0.03 0.02 0.01
0.06 0.07 0.17 0.55 0.05 0.04 0.03 0.02 0.01
0.06 0.07 0.18 0.54 0.05 0.04 0.03 0.02 0.01
0.06 0.07 0.19 0.53 0.05 0.04 0.03 0.02 0.01
0.13 0.23 0.28 0.21 0.05 0.04 0.03 0.02 0.01